! Tipo tiempos viaje. Tipo m: matriz de tiempos, Tipo c: coordenadas (se supone tiempo=distancia euclidea)
m
! Num. estaciones, num. depositos, num. vehiculos
30 1 3
! Estaciones: capacidad, bicis buenas, bicis averiadas, objetivo bicis buenas, peso
26 9 0 13 1
40 2 0 20 1
20 20 0 10 1
24 6 0 12 1
16 13 0 8 1
23 4 0 11 1
20 18 0 10 1
20 20 0 10 1
20 4 0 10 1
31 17 0 15 1
14 4 0 7 1
18 18 0 9 1
39 7 0 19 1
31 18 0 15 1
26 19 0 13 1
20 20 0 10 1
28 4 0 14 1
17 14 0 8 1
20 7 0 10 1
30 16 0 15 1
29 9 0 14 1
20 4 0 10 1
30 15 0 15 1
14 7 0 7 1
20 20 0 10 1
40 16 0 20 1
24 2 0 12 1
20 20 0 10 1
10 10 0 5 1
40 19 0 20 1
! Depositos: num. bicis buenas
0
! Vehiculos: capacidades
20
20
20
! Tiempo carga/descarga, tiempo maximo
0 240
! Num. matrices de tiempos
1
! matriz de tiempos: filas primero estaciones, luego depositos
0 31 27 31 25 27 21 20 18 30 18 21 21 29 23 27 22 35 25 30 34 20 32 22 39 31 42 23 26 38 43 
16 0 26 30 25 28 21 20 19 29 17 21 21 29 24 28 22 35 26 30 34 19 32 21 39 31 41 24 27 39 43 
20 34 0 32 25 27 20 20 18 30 20 20 21 32 23 27 22 38 25 31 33 22 32 23 42 30 42 23 26 38 42 
16 31 26 0 25 27 21 20 19 30 17 21 21 29 23 27 22 35 25 30 34 19 32 21 39 31 42 23 26 38 43 
17 31 27 31 0 29 17 17 17 30 18 21 22 29 23 29 22 35 27 31 35 20 33 22 39 31 42 25 28 40 44 
18 32 28 30 27 0 23 22 20 30 18 23 23 30 25 29 24 36 27 30 34 20 34 21 40 33 41 25 28 40 44 
18 32 28 32 22 29 0 17 18 31 19 21 23 30 24 29 22 36 27 31 36 21 34 23 40 31 43 26 29 41 45 
18 33 29 32 22 29 16 0 18 31 19 21 23 31 24 30 23 37 28 32 36 21 34 23 41 31 43 26 29 41 45 
18 33 29 32 22 27 18 17 0 30 19 19 23 31 21 27 20 37 26 32 34 21 33 23 41 29 43 24 27 39 43 
19 34 30 32 25 27 21 20 19 0 17 21 23 28 23 27 22 35 26 32 34 19 33 23 39 31 43 24 27 36 43 
18 33 29 32 27 28 23 22 20 28 0 23 24 28 25 29 24 33 28 32 36 17 34 23 37 33 43 26 29 38 45 
19 33 29 32 23 26 19 18 16 30 20 0 22 31 21 27 20 37 25 32 34 22 32 23 41 28 42 24 27 38 43 
19 34 29 31 25 26 21 20 18 29 19 20 0 30 23 26 22 37 25 31 33 21 32 22 41 30 42 23 26 37 42 
19 33 29 32 28 29 24 23 21 29 17 23 24 0 26 29 25 32 28 32 36 18 35 23 36 33 44 26 29 38 46 
19 34 30 32 23 27 19 18 17 30 20 19 23 32 0 27 19 38 25 31 33 22 32 23 42 28 42 23 26 39 42 
18 33 29 31 24 25 20 19 17 28 18 20 22 30 22 0 21 36 24 31 33 21 31 22 40 30 41 23 26 37 42 
20 35 30 32 25 27 21 20 18 30 20 20 22 32 22 27 0 38 25 31 33 22 32 23 42 29 42 23 26 39 42 
19 33 29 33 28 30 24 23 22 29 16 24 24 27 26 30 25 0 28 32 37 18 35 23 37 34 44 27 30 39 46 
27 42 38 38 34 34 30 29 27 38 28 29 32 39 32 35 31 45 0 23 25 30 26 29 49 39 33 19 19 46 35 
26 41 36 36 35 37 31 30 28 40 27 31 31 39 33 37 32 45 21 0 24 29 31 28 48 41 32 23 22 48 38 
26 40 36 36 35 37 31 30 28 39 27 30 30 38 33 37 32 44 20 20 0 29 29 27 48 40 31 22 21 48 37 
19 34 29 33 28 30 24 23 22 29 16 24 24 28 26 30 25 34 29 32 37 0 35 24 38 34 44 27 30 39 46 
25 40 36 38 32 32 28 27 25 36 26 28 30 37 30 33 29 43 17 23 26 28 0 29 47 37 34 17 19 44 35 
17 32 27 28 26 28 22 21 20 31 18 22 22 30 24 28 23 36 26 31 34 20 33 0 40 32 42 24 27 39 44 
20 34 30 33 29 30 25 24 22 30 17 25 25 27 27 31 26 32 29 32 36 19 36 24 0 35 44 27 30 40 47 
20 34 30 33 24 27 20 19 17 31 21 19 23 32 21 28 19 38 25 31 33 23 32 24 42 0 42 23 26 39 42 
26 40 35 36 35 37 31 30 28 39 27 30 30 38 33 37 32 44 20 20 23 29 29 27 48 40 0 21 20 48 37 
25 40 35 37 32 32 27 26 25 36 26 27 30 37 30 33 29 43 18 24 27 27 25 28 47 37 35 0 19 44 36 
28 42 38 39 34 34 30 29 27 38 28 30 32 40 32 35 31 46 17 23 25 30 27 30 50 40 34 19 0 46 34 
20 35 31 33 26 27 22 21 19 28 18 22 24 30 24 27 23 36 26 32 35 20 33 24 40 31 43 24 28 0 44 
27 41 37 38 33 34 29 28 27 37 27 29 31 39 31 34 30 45 17 23 25 29 26 30 49 39 33 18 18 46 0 
