! Tipo tiempos viaje. Tipo m: matriz de tiempos, Tipo c: coordenadas (se supone tiempo=distancia euclidea)
m
! Num. estaciones, num. depositos, num. vehiculos
60 1 5
! Estaciones: capacidad, bicis buenas, bicis averiadas, objetivo bicis buenas, peso
26 21 0 13 1
12 3 0 6 1
20 18 0 10 1
23 12 0 11 1
23 5 0 11 1
36 18 0 18 1
23 21 0 11 1
24 1 0 12 1
20 5 0 10 1
20 7 0 10 1
20 3 0 10 1
15 15 0 7 1
36 5 0 18 1
20 20 0 10 1
31 17 0 15 1
26 2 0 13 1
24 19 0 12 1
20 1 0 10 1
17 12 0 8 1
25 2 0 12 1
20 5 0 10 1
28 22 0 14 1
16 16 0 8 1
24 6 0 12 1
16 16 0 8 1
20 10 0 10 1
36 19 0 18 1
20 3 0 10 1
26 1 0 13 1
15 15 0 7 1
28 2 0 14 1
26 15 0 13 1
20 16 0 10 1
17 17 0 8 1
17 6 0 8 1
20 9 0 10 1
12 3 0 6 1
23 11 0 11 1
40 26 0 20 1
30 18 0 15 1
24 10 0 12 1
26 4 0 13 1
10 10 0 5 1
17 10 0 8 1
25 8 0 12 1
23 7 0 11 1
16 12 0 8 1
16 16 0 8 1
20 7 0 10 1
18 14 0 9 1
20 9 0 10 1
20 20 0 10 1
20 13 0 10 1
12 2 0 6 1
18 18 0 9 1
17 9 0 8 1
24 4 0 12 1
24 17 0 12 1
40 13 0 20 1
29 13 0 14 1
! Depositos: num. bicis buenas
0
! Vehiculos: capacidades
20
20
20
20
20
! Tiempo carga/descarga, tiempo maximo
0 240
! Num. matrices de tiempos
1
! matriz de tiempos: filas primero estaciones, luego depositos
0 21 28 35 25 24 22 21 33 30 22 32 24 44 44 29 34 48 34 34 31 27 34 30 36 46 37 27 34 26 28 25 32 30 33 33 43 32 37 32 37 30 28 25 44 37 32 36 33 39 34 45 28 33 33 38 37 34 38 30 28 
16 0 26 33 23 22 21 19 31 28 20 30 22 42 42 27 32 46 32 32 30 25 32 28 35 44 36 25 32 24 26 24 30 28 31 31 41 30 35 30 35 28 26 23 42 35 31 34 31 37 33 44 26 31 31 36 35 32 36 28 26 
18 22 0 31 21 20 19 17 29 26 18 28 20 40 40 25 30 44 30 30 28 23 30 26 33 42 34 23 30 22 24 22 28 27 29 29 39 28 33 28 33 26 24 21 41 33 29 32 29 35 31 41 24 29 29 34 33 30 34 26 24 
23 26 28 0 17 23 21 20 30 24 17 25 22 36 36 27 32 46 32 26 24 22 32 28 35 38 33 25 32 24 27 21 27 25 31 25 35 27 35 27 34 29 26 22 42 32 28 34 27 35 32 43 27 28 31 36 34 32 33 28 26 
23 26 29 28 0 23 22 20 30 24 17 24 22 36 36 27 32 46 32 26 23 22 32 29 36 38 33 25 32 24 27 21 27 26 31 25 35 27 35 27 35 29 26 23 43 32 28 34 26 35 33 44 27 28 31 36 35 32 33 28 26 
20 23 26 31 20 0 18 17 29 26 18 28 20 40 40 25 30 44 30 30 27 23 30 25 32 42 33 23 30 22 23 21 28 26 29 29 39 28 33 28 32 25 24 20 40 33 28 32 29 35 30 41 23 29 29 34 32 30 34 26 24 
21 24 27 32 22 21 0 18 30 27 19 29 21 41 41 26 31 45 31 31 29 24 31 23 30 43 35 24 31 23 22 23 29 27 30 30 40 29 34 29 34 24 25 22 40 34 30 33 30 36 32 42 22 30 30 35 34 31 35 27 25 
19 23 25 31 20 20 18 0 29 25 17 28 20 39 39 24 29 43 29 30 27 22 30 25 32 42 33 22 30 22 24 21 28 26 29 29 39 27 32 27 32 26 23 20 40 33 28 32 28 35 30 41 23 29 28 33 32 30 33 25 23 
20 24 26 30 19 21 19 18 0 24 16 27 20 38 38 25 29 44 29 28 26 21 30 26 33 41 32 23 30 22 25 20 26 25 29 27 37 26 33 26 32 27 24 20 40 31 27 32 27 34 30 41 25 28 29 33 32 30 32 26 24 
22 25 28 29 19 23 21 19 29 0 16 26 21 38 38 26 31 45 31 28 25 22 31 28 35 40 32 24 31 23 26 21 27 25 31 27 37 27 34 27 34 29 25 22 42 32 27 34 28 35 32 43 26 28 30 35 34 31 33 27 25 
21 24 27 29 18 22 20 18 28 23 0 26 20 37 37 25 30 44 30 28 25 21 30 27 34 40 32 23 30 22 25 20 26 25 29 27 37 26 33 26 33 27 24 21 41 31 27 33 27 34 31 42 25 28 29 34 33 30 32 26 24 
29 36 37 36 25 32 30 29 39 33 26 0 31 28 30 36 40 55 41 30 17 31 40 37 44 40 40 34 40 33 36 29 33 31 40 25 36 33 44 33 43 38 35 31 51 38 31 43 27 41 40 52 36 28 40 45 43 41 39 37 35 
20 24 26 31 20 21 19 18 29 25 17 28 0 39 39 24 29 43 29 30 27 22 29 26 33 42 33 22 29 21 25 21 27 26 28 29 38 27 32 27 31 27 23 19 39 32 28 31 28 34 29 40 25 29 28 33 31 29 33 25 23 
31 37 36 36 24 31 29 28 38 32 25 16 30 0 29 35 40 54 40 29 16 30 40 37 43 39 39 33 39 32 35 28 32 30 39 25 35 32 43 32 42 37 34 31 50 37 30 42 26 40 40 51 35 27 39 44 43 40 38 36 34 
30 33 36 35 24 31 29 27 37 32 24 17 29 29 0 34 39 53 39 28 16 29 39 36 43 38 38 32 38 31 34 27 32 30 38 24 34 31 42 31 42 36 33 30 50 37 29 41 25 40 39 51 34 27 38 43 42 39 38 35 33 
23 26 29 33 23 23 22 20 31 28 20 30 22 42 42 0 26 42 29 32 30 25 28 27 36 44 36 21 28 21 27 24 30 28 28 31 41 30 31 30 31 29 22 19 39 31 31 31 31 34 29 40 26 31 27 32 31 28 36 24 22 
23 26 29 33 23 23 22 20 31 28 20 30 22 42 42 21 0 42 29 32 30 25 29 27 36 44 36 21 29 21 27 24 30 29 28 31 41 30 31 30 31 29 22 19 39 31 31 31 31 34 29 40 26 31 27 32 31 29 36 24 22 
29 32 35 40 29 30 28 26 37 34 26 36 28 48 48 29 34 0 35 38 36 31 22 28 41 51 42 21 31 24 28 30 35 35 31 37 47 34 32 35 32 31 23 20 40 34 37 32 37 37 32 41 27 38 29 34 34 30 39 26 19 
21 24 27 32 21 22 20 18 29 26 18 29 20 40 40 22 27 42 0 30 28 23 28 26 34 43 34 21 28 20 25 22 28 27 27 29 39 28 31 28 30 27 22 18 38 31 29 30 29 33 28 39 25 30 27 31 30 28 34 24 21 
26 29 31 30 19 26 24 23 33 27 20 22 25 33 33 30 34 49 35 0 21 25 35 31 38 36 36 28 35 27 30 24 30 28 34 22 32 30 38 30 37 32 29 25 45 35 28 37 24 38 35 46 30 25 34 39 37 35 36 31 29 
31 34 37 36 24 31 30 28 38 32 25 17 30 29 30 35 40 54 40 29 0 30 40 37 44 39 39 33 39 32 35 28 33 30 39 25 35 32 43 32 43 37 34 31 50 38 30 42 26 41 40 52 35 27 39 44 43 40 39 36 34 
23 26 29 30 20 23 22 20 30 25 18 27 22 39 39 27 32 46 32 29 27 0 32 29 36 41 32 25 32 24 27 20 27 25 31 28 38 26 35 26 35 29 26 23 43 32 27 34 27 35 33 43 27 28 31 36 35 32 32 28 26 
29 32 35 39 29 29 27 26 37 34 26 36 27 48 48 29 34 36 35 38 35 31 0 27 40 50 41 20 31 23 27 29 35 34 30 37 47 34 31 35 32 30 23 20 40 34 36 31 37 36 32 41 27 37 28 33 34 29 38 25 18 
28 32 34 40 29 28 24 26 38 35 27 37 29 48 49 33 38 47 38 39 36 32 33 0 29 51 42 26 35 27 17 30 37 35 34 38 48 36 35 36 26 23 25 24 33 38 37 32 37 40 35 35 20 38 32 32 37 27 42 27 26 
26 29 31 37 26 25 21 23 35 32 24 34 26 46 46 31 36 50 36 36 33 29 36 20 0 48 39 29 36 28 18 27 34 32 35 35 45 33 38 34 29 24 28 26 36 39 34 35 35 41 36 38 21 35 35 36 38 30 40 30 29 
26 30 32 31 20 27 25 24 33 28 21 21 26 32 32 30 35 50 35 24 20 26 36 32 39 0 36 29 36 28 31 24 29 27 35 22 31 29 39 29 38 33 30 26 46 34 27 38 23 37 36 47 30 24 35 39 38 36 35 32 29 
24 27 30 32 21 25 23 21 31 26 19 27 23 39 39 28 33 47 33 31 26 23 33 30 37 42 0 26 31 24 28 19 24 21 31 27 38 24 36 24 36 30 27 24 44 29 24 36 24 32 31 45 28 24 32 37 34 33 30 29 27 
27 30 33 37 27 27 26 24 35 32 24 34 25 46 46 27 32 39 33 36 34 29 25 26 38 48 40 0 29 21 26 28 33 32 28 35 45 32 30 33 30 28 21 18 38 32 35 30 35 34 30 39 25 35 26 31 32 27 36 24 20 
26 29 32 37 26 27 25 23 35 31 23 33 25 45 45 27 32 44 33 36 33 28 30 28 39 48 38 23 0 18 29 25 28 29 25 34 44 27 33 27 33 31 24 21 41 29 30 33 30 30 24 41 28 31 28 33 26 30 30 23 24 
26 29 31 36 25 26 24 23 34 31 23 33 24 45 45 26 31 44 32 35 32 28 30 28 38 47 38 22 26 0 28 26 28 30 24 34 44 27 33 28 32 30 23 20 40 27 31 32 31 29 26 41 27 32 28 33 28 30 31 26 23 
28 31 33 39 28 27 23 25 37 34 26 36 28 47 48 33 37 48 37 38 35 31 34 17 28 50 41 27 36 28 0 29 36 34 35 37 47 35 36 35 27 24 26 25 34 39 36 33 36 41 36 36 21 37 33 33 38 28 42 28 27 
24 27 30 32 21 24 23 21 31 26 19 28 23 40 40 28 33 47 33 30 27 22 33 30 37 42 30 26 31 23 28 0 24 23 31 28 39 24 36 24 36 30 27 24 44 29 25 35 25 32 31 45 28 25 32 37 34 33 30 29 27 
27 30 32 34 24 27 25 24 34 29 22 29 26 40 40 31 36 50 36 33 28 25 36 32 39 44 33 29 29 22 31 20 0 25 29 29 40 22 39 22 38 33 30 26 46 28 25 38 26 31 30 47 31 26 35 38 33 36 28 29 30 
24 27 30 32 21 25 23 21 31 27 19 27 23 39 39 28 33 47 33 31 27 23 33 30 37 42 31 26 30 23 29 18 23 0 30 28 39 23 36 23 36 31 27 24 44 28 24 36 24 31 31 45 28 25 32 37 34 33 29 29 27 
25 28 31 36 25 26 24 22 34 30 22 33 24 44 44 26 30 43 32 35 32 27 29 27 38 47 38 22 25 15 28 25 27 29 0 34 43 26 32 27 32 30 23 20 40 26 30 32 30 28 25 41 27 31 28 33 27 29 31 25 23 
27 30 33 32 21 28 26 24 34 29 22 20 27 32 32 31 36 50 36 25 20 27 37 33 40 35 35 29 35 27 32 23 28 26 35 0 32 28 39 28 39 34 30 27 47 33 25 39 21 36 35 48 31 23 35 40 38 37 34 32 30 
27 30 33 32 21 28 26 25 34 29 22 21 27 32 32 31 36 51 36 25 20 27 36 33 40 35 36 29 36 29 32 25 30 27 36 22 0 29 40 29 39 34 30 27 47 35 27 39 23 38 37 48 31 24 35 40 39 37 35 32 30 
26 29 32 34 23 27 25 23 33 29 21 29 25 40 40 30 35 49 35 33 28 25 35 32 39 44 33 28 28 21 31 20 22 25 28 29 40 0 38 22 37 33 29 25 45 27 25 37 25 30 29 46 30 26 34 37 32 35 28 28 29 
26 29 32 36 26 26 24 23 34 31 23 33 24 45 45 26 31 40 32 35 32 28 26 24 36 47 38 19 28 20 24 26 32 31 27 34 44 31 0 32 28 26 19 17 36 31 33 28 34 33 29 37 23 34 25 30 31 26 35 22 18 
26 29 32 34 23 27 25 23 33 28 21 28 25 40 40 30 35 49 35 33 28 25 35 32 39 43 33 28 29 21 30 20 22 24 29 29 40 22 38 0 38 33 29 26 46 27 25 38 25 30 29 46 30 26 34 38 32 35 28 28 29 
30 33 36 40 30 30 27 27 38 35 27 37 28 49 49 30 35 44 36 39 36 32 30 19 32 51 43 23 32 24 19 31 36 35 31 38 48 35 33 36 0 22 23 21 31 35 37 29 38 37 33 33 19 38 29 30 35 24 39 25 23 
29 33 35 41 30 29 25 26 39 35 27 38 30 49 49 34 39 50 39 40 37 32 36 24 34 52 43 29 38 30 24 31 38 36 38 39 49 37 39 37 30 0 29 27 37 41 38 35 38 43 39 39 18 39 35 36 41 31 43 31 30 
26 29 31 36 25 26 24 23 34 31 23 33 24 45 45 26 31 40 32 35 32 28 26 23 36 47 38 19 28 20 23 26 32 31 27 34 44 31 28 31 27 26 0 17 35 31 33 27 33 33 28 36 22 34 25 29 30 25 35 21 19 
24 27 30 35 24 25 23 21 32 29 21 32 23 43 43 24 29 41 30 33 31 26 27 23 36 46 37 20 27 19 23 25 30 30 26 32 42 29 29 30 28 26 19 0 35 29 32 27 32 32 27 36 23 33 24 29 29 25 34 21 20 
32 35 38 42 32 32 28 29 40 37 29 39 30 51 51 32 37 46 38 41 38 34 32 20 33 53 44 25 34 26 21 32 38 37 33 40 50 37 34 38 25 23 25 23 0 37 39 31 40 39 35 32 20 40 31 32 37 26 41 26 25 
28 31 34 36 25 28 26 25 35 31 23 31 26 42 42 28 33 46 34 35 30 27 32 30 40 46 35 25 27 18 30 22 24 27 25 31 42 23 35 24 34 32 26 22 42 0 27 34 27 27 27 43 29 28 31 36 30 32 28 26 26 
26 29 32 34 23 27 25 24 33 29 21 25 26 37 37 30 35 49 35 30 25 25 36 32 39 40 31 28 31 24 31 20 25 22 31 26 37 24 38 24 38 33 29 26 46 30 0 38 22 33 32 47 30 23 34 39 35 36 31 31 29 
28 31 34 38 28 28 27 25 36 33 25 35 26 47 47 28 33 42 34 37 34 30 28 23 36 49 40 21 30 22 23 29 34 33 29 36 46 33 30 34 28 26 21 19 35 33 35 0 36 35 31 36 23 36 27 30 33 25 37 23 21 
28 31 33 34 23 28 26 25 35 30 23 23 27 34 34 32 37 51 37 28 22 26 37 34 40 38 33 30 33 25 32 21 26 24 33 23 34 26 40 26 40 34 31 28 47 31 23 39 0 34 33 48 32 21 36 41 36 37 32 32 31 
28 31 33 37 26 28 26 25 36 32 25 32 26 43 43 28 33 46 34 36 31 28 32 30 40 47 36 25 27 18 30 23 26 28 25 32 43 25 35 25 34 32 26 22 42 25 28 34 28 0 26 43 29 29 31 35 30 32 28 26 25 
26 29 32 37 26 27 25 23 34 31 23 33 25 45 45 26 31 44 32 35 32 28 30 28 39 48 38 23 26 17 28 25 27 29 24 33 44 26 33 27 33 31 24 21 41 28 30 32 30 29 0 42 28 30 29 34 28 30 30 26 24 
32 35 38 42 32 32 31 29 40 37 29 39 30 51 51 32 37 48 38 41 38 34 34 23 35 53 44 27 34 26 23 33 38 37 33 40 50 37 37 38 27 25 27 25 32 37 39 33 40 39 35 0 22 40 30 31 37 27 41 25 27 
28 31 34 39 29 28 23 25 37 34 26 36 28 48 48 33 38 48 38 38 35 31 35 22 32 50 41 27 36 29 23 30 36 34 36 37 47 36 37 36 28 18 27 25 35 39 36 33 37 42 37 37 0 37 34 34 39 29 42 29 28 
27 30 33 35 24 28 26 24 34 30 22 23 27 35 35 31 36 50 36 28 22 26 36 33 40 38 32 29 32 25 32 21 26 23 32 23 34 25 39 25 39 34 30 27 47 31 23 39 20 34 33 48 31 0 35 40 36 37 32 32 30 
26 29 32 36 26 26 25 23 34 31 23 33 24 45 45 26 31 43 32 35 33 28 29 25 38 47 39 22 28 20 25 27 32 31 27 34 44 31 32 32 30 28 22 20 38 31 34 28 34 33 29 37 25 34 0 28 31 26 35 20 23 
28 31 34 38 28 28 27 25 36 33 25 35 27 47 47 28 33 45 34 37 35 30 31 24 37 49 41 24 30 22 25 29 34 34 29 36 46 33 33 34 29 27 23 21 36 33 36 29 36 35 31 35 24 36 27 0 33 23 37 21 24 
26 29 32 36 26 26 25 23 34 31 23 33 24 45 45 26 31 44 32 35 33 28 30 28 39 47 38 23 23 17 28 25 27 29 24 34 44 26 33 27 32 31 24 20 40 28 30 32 30 30 24 41 27 31 28 32 0 30 30 23 24 
29 32 35 40 29 30 28 26 38 34 26 37 28 48 48 30 34 44 36 39 36 31 30 22 35 51 42 23 32 24 22 30 35 35 31 37 47 34 32 35 27 25 23 21 34 35 37 29 37 37 32 33 22 38 28 27 34 0 38 23 23 
27 31 33 35 24 28 26 25 34 30 22 30 27 41 41 30 35 48 36 34 29 26 34 32 40 45 34 27 27 20 32 21 23 26 28 30 41 22 37 23 37 34 28 25 45 27 26 36 26 28 27 44 31 27 32 36 30 33 0 26 28 
26 29 32 36 26 27 25 23 34 31 23 33 25 45 45 26 31 43 32 35 33 28 30 26 38 47 39 22 28 20 26 27 32 32 27 34 44 31 32 32 30 28 22 20 38 31 34 28 34 33 29 37 25 35 25 29 31 26 35 0 23 
28 31 34 39 28 29 27 25 36 33 25 35 27 47 47 28 33 37 34 37 35 30 23 26 39 50 41 21 30 23 26 29 34 34 30 36 46 33 30 34 31 29 22 19 38 33 36 30 36 36 31 39 26 37 28 32 33 28 38 25 0 
