! Tipo tiempos viaje. Tipo m: matriz de tiempos, Tipo c: coordenadas (se supone tiempo=distancia euclidea)
m
! Num. estaciones, num. depositos, num. vehiculos
30 1 2
! Estaciones: capacidad, bicis buenas, bicis averiadas, objetivo bicis buenas, peso
17 7 0 8 1
17 8 0 8 1
40 8 0 20 1
20 5 0 10 1
12 7 0 6 1
38 8 0 19 1
20 2 0 10 1
18 13 0 9 1
24 4 0 12 1
20 5 0 10 1
28 6 0 14 1
24 19 0 12 1
28 3 0 14 1
26 26 0 13 1
18 11 0 9 1
20 13 0 10 1
16 3 0 8 1
20 6 0 10 1
20 14 0 10 1
20 13 0 10 1
20 20 0 10 1
26 3 0 13 1
20 9 0 10 1
20 18 0 10 1
36 33 0 18 1
20 20 0 10 1
31 13 0 15 1
20 19 0 10 1
40 19 0 20 1
28 17 0 14 1
! Depositos: num. bicis buenas
0
! Vehiculos: capacidades
20
20
! Tiempo carga/descarga, tiempo maximo
0 240
! Num. matrices de tiempos
1
! matriz de tiempos: filas primero estaciones, luego depositos
0 20 29 23 20 24 20 19 20 22 22 30 19 22 22 23 32 24 32 20 20 20 23 41 43 23 35 21 34 19 34 
23 0 29 22 18 22 19 19 21 22 22 29 18 21 21 21 32 23 31 21 19 20 21 41 41 22 33 21 33 18 33 
22 20 0 23 19 23 21 17 18 20 19 30 18 22 20 21 30 24 31 18 18 18 22 39 42 21 34 19 35 19 34 
22 21 27 0 20 24 21 17 19 20 20 31 19 22 20 21 30 25 31 19 19 19 23 39 43 21 35 20 35 19 35 
23 20 30 23 0 22 20 20 21 23 22 29 17 21 22 21 33 24 31 21 19 21 21 42 41 21 33 21 34 19 33 
25 21 30 25 20 0 22 20 20 20 20 30 18 23 24 19 30 26 33 19 16 19 21 40 42 19 33 23 36 21 35 
23 20 30 23 19 23 0 20 21 22 22 28 18 20 21 22 32 22 30 21 20 21 22 42 42 22 34 21 33 17 32 
22 21 27 23 20 24 21 0 19 20 20 31 19 22 20 21 30 25 30 19 19 19 23 39 43 21 35 19 35 19 35 
23 21 28 24 19 23 21 18 0 19 19 30 19 23 21 20 29 25 31 18 18 17 22 38 43 20 34 20 36 20 35 
24 20 29 24 18 21 21 19 19 0 19 29 18 22 22 18 29 25 32 18 16 17 22 38 42 19 33 21 35 19 34 
24 20 29 24 18 21 21 19 19 17 0 29 18 22 22 18 29 25 32 18 16 18 22 38 42 19 33 22 35 20 35 
26 22 31 25 20 23 22 22 23 24 23 0 18 22 23 22 34 22 32 22 20 22 22 43 42 22 34 22 34 19 32 
25 21 31 25 19 22 21 22 22 23 22 29 0 22 24 19 33 25 32 21 19 21 20 42 40 20 32 23 35 20 34 
24 21 29 23 20 24 21 19 21 22 22 29 20 0 21 23 32 23 30 21 21 21 24 42 44 23 35 20 32 17 33 
23 22 29 22 21 25 22 18 20 21 21 30 21 20 0 22 31 24 29 20 20 20 24 41 44 22 36 18 34 17 34 
26 22 31 26 20 21 22 21 21 21 21 29 17 24 24 0 31 25 34 20 17 20 20 40 40 18 32 24 36 21 34 
26 23 30 27 22 25 24 21 19 21 20 33 21 25 24 22 0 28 34 20 18 16 25 37 45 20 37 21 38 23 38 
25 23 31 24 21 24 22 21 23 24 24 28 19 21 23 22 34 0 31 22 21 22 23 43 43 23 35 22 34 19 31 
24 21 29 23 20 24 21 19 21 22 22 29 20 19 20 23 32 23 0 21 21 21 24 42 44 23 35 20 33 17 33 
24 22 29 26 20 23 23 20 18 18 18 31 20 24 23 20 28 26 33 0 16 17 24 37 44 19 35 21 37 21 36 
25 21 30 25 20 23 22 20 20 18 18 30 19 23 23 20 30 26 33 18 0 19 23 37 43 17 35 23 36 21 36 
26 24 31 27 23 27 25 21 20 22 22 34 22 26 23 24 31 29 34 21 20 0 26 39 46 22 38 21 39 22 39 
27 23 33 27 20 24 23 24 24 24 24 30 18 24 26 19 34 26 34 23 20 23 0 44 39 21 30 25 37 22 35 
25 21 30 25 20 23 22 20 20 18 18 31 19 23 23 20 30 26 34 18 16 19 23 0 43 18 35 23 36 21 36 
26 22 32 25 19 22 21 22 23 23 23 28 17 23 24 18 33 25 33 22 19 22 19 42 0 19 31 24 36 20 34 
27 23 32 27 21 24 24 22 22 20 19 32 21 25 25 20 32 28 35 20 16 20 23 39 44 0 35 24 38 23 38 
31 27 37 31 24 27 27 28 28 28 28 34 22 28 29 23 38 30 38 27 24 27 25 48 43 25 0 29 41 26 39 
24 23 29 24 22 26 23 19 19 22 22 31 21 21 20 23 32 25 29 20 20 20 25 41 45 23 37 0 34 18 35 
28 26 34 27 24 27 25 24 26 27 27 32 23 24 26 27 37 25 34 25 24 25 27 46 47 27 36 25 0 21 36 
25 23 31 25 23 27 23 20 22 24 24 31 22 21 21 25 34 25 30 22 22 22 26 43 46 25 37 19 34 0 35 
25 23 31 24 20 23 22 21 23 24 24 27 18 21 23 22 34 22 31 22 20 22 22 43 42 22 34 22 34 19 0 
