! Tipo tiempos viaje. Tipo m: matriz de tiempos, Tipo c: coordenadas (se supone tiempo=distancia euclidea)
m
! Num. estaciones, num. depositos, num. vehiculos
90 1 3
! Estaciones: capacidad, bicis buenas, bicis averiadas, objetivo bicis buenas, peso
30 19 0 15 1
21 6 0 10 1
29 12 0 14 1
24 1 0 12 1
20 15 0 10 1
20 20 0 10 1
20 13 0 10 1
20 4 0 10 1
20 14 0 10 1
16 11 0 8 1
32 19 0 16 1
26 5 0 13 1
10 10 0 5 1
20 17 0 10 1
21 1 0 10 1
40 3 0 20 1
23 23 0 11 1
20 12 0 10 1
20 2 0 10 1
36 5 0 18 1
24 6 0 12 1
19 17 0 9 1
14 8 0 7 1
26 4 0 13 1
26 24 0 13 1
20 1 0 10 1
12 12 0 6 1
20 20 0 10 1
18 15 0 9 1
40 26 0 20 1
30 10 0 15 1
24 15 0 12 1
14 2 0 7 1
24 11 0 12 1
18 18 0 9 1
23 3 0 11 1
20 16 0 10 1
22 14 0 11 1
16 6 0 8 1
20 15 0 10 1
26 18 0 13 1
15 15 0 7 1
30 9 0 15 1
20 4 0 10 1
18 9 0 9 1
31 18 0 15 1
20 18 0 10 1
28 0 0 14 1
40 20 0 20 1
10 5 0 5 1
39 3 0 19 1
20 20 0 10 1
14 4 0 7 1
25 2 0 12 1
20 6 0 10 1
40 7 0 20 1
17 17 0 8 1
40 40 0 20 1
10 2 0 5 1
20 3 0 10 1
31 22 0 15 1
31 11 0 15 1
23 8 0 11 1
26 5 0 13 1
26 15 0 13 1
16 16 0 8 1
40 24 0 20 1
21 21 0 10 1
28 1 0 14 1
18 15 0 9 1
20 8 0 10 1
20 7 0 10 1
26 23 0 13 1
20 20 0 10 1
30 8 0 15 1
20 5 0 10 1
28 27 0 14 1
20 4 0 10 1
16 4 0 8 1
20 9 0 10 1
40 19 0 20 1
40 20 0 20 1
16 14 0 8 1
24 13 0 12 1
20 14 0 10 1
14 1 0 7 1
26 7 0 13 1
31 12 0 15 1
20 18 0 10 1
23 3 0 11 1
! Depositos: num. bicis buenas
0
! Vehiculos: capacidades
20
20
20
! Tiempo carga/descarga, tiempo maximo
0 240
! Num. matrices de tiempos
1
! matriz de tiempos: filas primero estaciones, luego depositos
0 27 24 32 32 30 31 18 24 35 25 24 22 25 31 41 38 33 28 27 36 31 28 26 30 21 34 36 28 32 31 25 33 23 31 37 36 22 44 23 33 34 43 28 26 39 29 32 41 27 31 48 27 28 37 41 45 45 36 26 40 30 29 42 30 34 32 34 24 33 27 29 38 49 41 35 28 28 30 26 27 48 28 36 34 44 38 43 26 30 37 
20 0 25 32 30 29 30 17 24 34 24 22 22 24 30 40 38 33 27 26 35 29 27 25 29 21 34 35 28 31 30 25 32 23 30 36 36 22 43 23 32 34 43 27 25 38 29 31 40 27 30 47 26 27 36 41 44 44 35 26 39 29 28 41 29 33 32 33 23 33 27 28 38 48 40 34 28 27 30 26 26 47 28 36 33 44 37 42 25 30 36 
20 27 0 31 32 30 31 17 23 35 25 24 21 25 31 40 37 31 28 26 36 30 27 26 30 20 33 36 27 30 29 24 33 22 30 37 35 21 43 22 33 33 42 26 24 38 28 32 40 26 30 48 27 27 37 40 44 45 36 25 39 30 28 42 30 34 31 34 22 32 26 29 37 49 40 35 27 27 29 25 26 48 27 35 34 43 38 42 24 29 37 
20 27 23 0 32 30 31 17 23 35 25 24 20 25 31 40 37 31 28 25 36 30 27 26 30 20 32 35 27 30 29 24 33 22 30 37 34 20 43 21 33 33 41 26 24 38 28 32 40 25 30 48 27 27 37 40 44 45 36 24 39 30 28 42 30 34 31 34 22 32 25 29 37 49 40 35 26 27 28 25 26 48 27 35 33 42 38 42 24 29 37 
22 27 27 34 0 30 31 19 26 36 26 23 24 26 32 41 40 34 29 27 37 30 28 27 30 23 35 36 30 33 32 27 33 25 31 37 38 23 44 25 34 36 45 29 27 39 31 33 41 29 31 48 28 28 38 43 45 45 37 27 40 31 29 43 30 35 34 35 25 35 29 30 40 50 41 35 30 28 32 28 27 49 30 38 34 46 38 43 27 32 37 
32 38 36 43 42 0 16 27 34 22 33 32 29 34 38 33 45 42 18 33 32 39 23 18 25 28 42 29 34 38 34 31 30 30 21 29 42 26 39 26 24 36 50 32 33 31 33 23 31 33 23 41 19 22 35 45 37 43 30 28 31 23 21 33 22 30 39 32 27 36 27 21 39 42 33 27 34 26 32 26 25 41 31 37 27 41 35 35 28 27 30 
31 37 36 43 41 17 0 27 34 22 33 32 29 33 38 32 45 42 18 33 32 39 23 18 25 27 41 28 34 37 34 31 30 30 21 29 42 26 39 26 24 36 50 31 32 30 33 22 31 32 23 40 19 21 35 45 36 43 30 27 31 23 21 32 22 30 39 32 27 35 27 21 38 42 33 27 33 26 32 26 25 41 31 37 26 41 34 35 27 27 29 
21 27 25 33 32 30 31 0 22 35 22 24 20 23 29 40 37 30 28 24 36 31 27 26 30 19 31 36 26 29 29 23 33 21 30 37 33 19 43 21 33 32 41 25 23 38 27 32 40 25 30 48 27 27 37 39 44 45 36 23 39 30 28 42 30 34 30 34 21 31 25 29 36 49 40 35 26 27 27 24 26 48 26 34 34 42 38 42 23 29 37 
22 28 24 32 33 30 31 16 0 35 23 25 19 23 29 41 36 30 29 23 37 32 28 26 30 19 30 36 26 28 28 22 33 20 31 36 32 19 44 21 34 32 39 25 22 39 26 32 41 24 31 48 28 28 38 38 45 45 37 23 40 30 29 42 30 35 29 35 20 30 25 29 35 50 41 35 24 28 27 23 27 48 25 33 34 41 38 43 23 28 37 
31 36 35 42 41 17 17 26 33 0 32 31 28 33 37 31 44 41 17 32 31 38 22 17 24 27 40 27 33 36 33 30 29 29 21 29 41 25 38 25 23 35 49 30 32 29 32 22 31 31 22 39 18 21 34 44 35 42 29 26 30 22 20 32 21 29 38 31 26 34 26 20 37 41 32 26 32 25 31 25 24 40 30 36 25 40 33 34 27 26 29 
24 30 27 35 34 30 31 17 24 35 0 25 23 22 28 41 39 33 28 24 36 32 27 26 30 22 32 36 29 30 31 25 33 22 30 37 35 22 43 24 33 35 42 28 24 39 29 32 40 27 30 48 27 27 37 41 44 45 36 26 39 30 28 42 30 34 31 34 24 33 28 29 39 49 40 35 27 28 30 26 26 48 27 36 34 45 38 43 25 31 37 
22 27 27 34 31 28 29 17 24 33 24 0 23 25 30 39 39 33 27 26 34 28 26 24 28 22 34 34 29 32 32 26 31 24 29 35 36 22 42 24 31 35 43 28 26 37 30 30 39 27 29 46 25 26 35 41 43 43 34 26 38 28 27 40 28 32 33 32 24 33 28 27 39 47 39 33 28 26 30 27 25 46 29 36 32 45 36 41 26 31 35 
23 29 25 34 34 29 30 17 23 34 25 26 0 26 31 42 34 30 27 25 39 33 30 28 32 17 32 38 24 30 27 23 35 21 30 34 35 20 46 19 32 30 42 25 24 40 27 31 40 25 32 50 28 30 39 39 46 47 38 22 38 28 30 41 31 36 31 36 21 31 23 30 35 51 42 36 27 30 28 22 29 46 26 34 32 40 40 44 23 26 35 
24 31 26 35 35 31 32 18 23 36 23 26 22 0 27 42 38 32 29 22 37 34 29 27 31 21 30 37 28 28 31 24 34 20 32 38 33 21 45 23 34 34 40 27 22 40 29 33 42 26 32 49 28 29 38 40 46 46 37 25 41 31 30 43 31 35 29 35 23 32 27 30 38 50 42 36 25 29 28 26 28 49 25 35 35 44 39 44 23 30 38 
24 30 27 35 34 30 31 17 24 35 22 25 22 22 0 40 39 33 28 22 36 32 27 26 30 22 31 36 29 28 31 25 33 22 30 37 33 22 43 24 33 35 41 28 24 38 29 32 40 27 30 48 27 27 37 41 44 45 36 26 39 30 28 42 30 34 30 34 24 33 28 29 39 49 40 35 26 27 29 26 26 48 26 36 34 45 38 42 25 31 37 
30 36 34 41 40 20 21 25 32 25 31 30 27 32 36 0 43 40 19 31 30 37 21 16 23 26 40 26 32 36 32 29 28 28 21 28 40 24 37 24 24 34 48 29 31 29 31 22 31 30 21 39 17 20 33 43 35 41 28 26 29 21 19 32 20 28 37 30 25 33 25 19 37 40 31 25 31 24 30 24 23 39 29 35 24 39 33 33 26 25 28 
23 29 25 33 34 28 29 18 23 33 26 26 18 26 31 41 0 31 27 26 38 33 30 27 32 17 33 37 24 31 26 23 35 22 29 34 35 20 46 18 31 29 42 25 25 39 28 30 39 25 31 49 27 30 39 39 45 47 38 21 37 28 29 40 30 36 32 36 22 31 22 29 34 51 41 35 27 30 28 22 29 46 27 33 31 39 40 44 24 26 34 
26 33 29 37 38 31 32 20 25 36 27 30 22 26 31 44 38 0 30 26 40 36 31 30 33 21 31 39 27 29 30 22 37 18 32 37 33 18 48 22 35 31 39 24 23 42 26 33 42 23 34 51 30 31 41 38 48 48 40 22 40 31 32 43 33 38 29 38 20 30 25 32 35 53 44 38 24 31 26 23 30 49 24 33 35 42 41 46 22 29 38 
32 38 34 43 42 17 18 27 32 22 33 32 27 34 38 33 43 40 0 33 32 39 23 18 25 26 42 29 32 38 33 30 30 28 19 27 43 24 40 24 21 34 48 30 33 31 32 20 29 31 23 41 19 22 36 44 37 43 30 26 30 21 21 30 22 30 38 33 26 34 25 21 37 43 33 27 32 26 30 25 25 39 30 36 24 40 35 35 26 25 27 
25 31 27 35 36 32 32 19 23 37 24 27 22 23 28 42 39 33 30 0 38 34 29 28 32 22 31 37 29 28 31 25 35 21 32 39 33 22 45 24 35 35 40 28 23 40 29 34 42 26 32 50 29 29 39 41 46 47 38 26 41 32 30 44 32 36 30 36 23 33 28 31 38 51 42 37 25 29 29 26 28 50 26 36 35 44 40 44 24 31 39 
30 36 34 42 40 20 21 25 32 25 32 30 26 32 37 31 43 39 19 32 0 38 21 16 24 25 40 26 32 36 32 29 29 28 21 27 41 24 38 23 23 33 48 29 31 29 31 22 31 30 21 39 17 20 34 43 35 42 29 25 30 21 19 32 20 28 37 31 25 33 25 19 36 41 31 25 31 24 29 24 23 38 29 35 24 39 33 33 25 24 27 
24 29 28 36 33 31 32 20 27 36 27 23 25 27 33 41 42 36 29 28 37 0 28 27 31 24 37 37 32 34 34 28 34 26 31 38 39 25 44 26 34 37 46 31 29 40 32 33 41 30 31 49 28 28 38 44 45 46 37 29 40 31 29 43 31 35 35 35 26 36 30 30 41 50 41 36 31 28 33 29 27 49 31 39 35 47 39 44 29 34 38 
31 37 34 42 41 21 22 26 33 26 32 31 27 33 37 32 44 40 20 32 28 38 0 17 24 26 41 27 33 37 33 30 29 29 22 28 41 25 38 24 24 34 48 30 32 30 32 23 32 31 22 40 18 21 34 44 36 42 30 26 31 21 21 33 21 29 38 31 26 34 26 20 37 42 32 26 32 25 30 25 24 39 30 36 25 40 34 35 26 25 28 
30 36 34 42 40 20 21 26 32 25 32 31 26 32 37 31 43 39 18 32 31 38 22 0 24 25 40 27 32 36 32 29 29 28 21 27 41 24 38 23 23 33 47 29 32 29 31 22 31 30 21 39 18 20 34 43 35 42 29 25 30 20 20 32 21 29 37 31 25 33 25 20 36 41 32 26 31 25 29 24 24 38 29 35 24 39 33 34 25 24 27 
29 35 33 41 39 23 24 24 31 28 30 29 29 31 36 34 46 40 22 31 30 36 20 19 0 28 40 29 35 36 35 32 27 29 24 30 41 27 36 26 26 36 48 32 31 32 34 25 34 33 24 42 20 23 34 46 38 41 32 28 33 23 22 35 23 31 37 31 28 36 28 22 39 44 34 28 33 24 32 27 23 41 32 38 27 42 34 36 28 27 30 
23 29 25 33 34 29 30 18 24 34 26 26 19 27 32 42 35 32 27 27 38 33 29 27 32 0 34 38 24 31 26 24 35 23 29 34 36 20 45 19 32 30 43 25 25 39 28 31 39 26 32 49 28 30 39 40 45 47 38 22 38 28 30 41 31 36 32 36 23 32 23 30 34 51 42 36 28 30 29 22 29 46 27 33 32 40 40 44 25 26 35 
24 30 26 34 35 32 33 18 22 37 25 27 21 24 29 42 38 32 30 23 38 34 29 28 32 21 0 38 27 27 30 22 35 18 32 37 31 19 46 23 35 32 37 25 21 41 26 34 42 23 32 50 29 29 39 38 46 47 38 23 41 31 30 44 32 36 28 36 20 30 26 31 35 51 42 37 23 29 26 23 28 49 23 33 35 43 40 45 21 29 38 
31 38 33 42 42 20 20 26 31 25 33 32 26 34 38 34 42 39 18 34 32 40 23 20 26 25 40 0 31 38 32 29 30 27 20 27 42 23 40 23 23 33 47 29 31 32 31 22 30 30 21 42 20 23 36 43 38 44 31 25 30 20 22 32 23 31 37 33 25 33 24 22 36 44 34 28 31 26 29 23 25 38 29 34 24 38 35 36 25 24 27 
26 33 29 37 38 28 29 21 27 33 29 30 21 30 35 41 38 34 26 29 39 36 30 26 32 20 36 37 0 34 27 24 37 23 28 33 38 19 46 18 31 29 44 24 28 38 28 30 38 26 31 48 27 29 42 40 44 50 38 21 37 27 29 40 30 38 34 39 23 31 22 29 33 50 41 35 29 33 28 21 32 45 27 32 31 39 42 43 24 25 34 
24 31 27 35 36 30 31 18 23 35 24 27 22 24 29 41 39 32 29 23 37 34 28 26 30 21 29 36 28 0 31 23 34 19 31 37 31 20 45 23 33 33 38 26 21 39 27 32 41 24 31 48 27 28 38 39 45 45 36 24 40 30 29 42 30 34 28 34 22 31 27 29 36 49 41 35 23 28 26 24 27 48 24 34 34 44 38 43 22 30 37 
23 30 26 34 35 27 28 18 24 32 26 27 19 27 32 40 35 32 25 27 38 34 29 25 31 17 34 36 24 32 0 24 36 22 28 32 36 18 45 17 30 28 43 24 25 37 27 29 37 25 30 47 26 29 40 39 43 48 37 20 36 26 28 39 29 37 32 37 22 30 21 28 32 49 40 34 28 30 27 20 29 44 26 31 30 38 41 42 23 24 33 
25 31 27 35 36 29 30 18 24 35 26 28 20 26 32 43 36 31 28 26 40 35 31 28 33 19 32 38 25 30 27 0 36 19 30 35 34 16 47 20 33 29 40 22 24 40 24 32 40 22 33 50 29 31 40 36 46 48 39 20 39 29 31 42 31 38 30 37 18 28 23 30 33 52 42 36 25 31 24 21 30 47 23 31 33 40 41 45 20 27 36 
28 34 32 39 38 24 25 23 30 29 29 28 28 30 35 35 45 39 23 30 30 35 21 20 23 28 39 30 35 36 36 31 0 29 25 31 41 28 36 27 27 37 48 33 31 33 35 26 35 33 25 43 21 24 34 47 39 42 33 29 34 24 23 36 24 31 38 31 29 37 29 23 40 45 35 29 33 24 33 28 23 42 33 39 28 43 35 37 29 28 31 
25 32 27 36 36 31 32 19 24 36 26 28 21 25 30 43 38 32 29 25 38 35 30 28 32 20 30 38 26 28 29 21 36 0 31 36 32 18 46 22 34 31 38 24 22 41 25 33 41 22 33 50 29 30 39 37 47 47 38 22 40 30 31 43 32 36 28 36 19 29 25 31 34 51 43 37 22 30 25 22 29 48 22 32 34 42 40 45 20 28 37 
32 37 34 42 42 18 19 27 32 23 33 32 27 34 38 33 43 40 16 33 32 39 23 19 25 25 41 29 32 37 32 29 30 28 0 26 42 24 39 24 21 34 48 29 32 31 31 20 28 30 22 41 20 22 35 43 37 43 31 25 30 20 22 30 23 31 38 32 25 33 25 22 36 43 34 28 31 26 30 24 25 38 29 35 24 39 35 36 26 25 27 
30 36 34 41 40 22 23 25 32 27 31 30 28 32 36 32 44 41 20 31 30 37 21 18 23 27 40 28 33 36 34 31 28 29 23 0 40 25 37 25 25 35 48 31 31 30 33 24 33 32 23 40 18 21 33 45 36 41 29 27 30 22 20 34 21 29 37 30 27 35 26 20 38 41 32 26 33 24 31 25 23 40 31 37 25 41 34 34 27 26 29 
24 31 27 35 36 31 32 18 23 36 25 28 22 24 30 42 39 32 29 24 37 34 29 27 31 21 29 37 28 27 31 23 35 19 32 38 0 19 45 23 34 32 37 25 20 40 27 33 42 23 32 49 28 29 38 38 46 46 37 23 41 31 30 43 31 35 27 35 21 31 26 30 36 50 42 36 22 29 25 24 28 49 23 34 35 43 39 44 21 30 38 
26 32 28 36 37 28 29 19 25 33 27 29 21 27 33 42 37 32 27 27 39 36 30 27 33 20 33 37 26 30 28 21 37 19 29 34 34 0 47 20 32 28 40 21 24 39 24 30 39 22 32 49 28 30 42 36 45 49 39 19 38 28 30 40 30 38 30 38 19 28 22 29 32 51 41 35 25 32 25 20 31 46 24 31 32 39 42 44 21 26 35 
27 33 32 39 37 22 23 23 29 27 29 27 28 29 34 33 45 38 21 30 29 35 20 18 21 27 39 28 34 35 34 31 25 28 23 29 40 26 0 25 26 35 47 31 30 31 33 24 33 32 23 41 20 22 33 45 37 40 31 27 32 23 22 34 22 30 37 30 27 35 27 21 38 43 33 27 32 23 32 26 22 41 31 37 26 41 34 36 27 26 29 
24 31 27 35 36 26 27 19 25 32 27 28 19 28 33 40 36 32 25 27 37 34 28 25 31 18 34 35 25 32 25 23 36 22 27 32 36 18 45 0 30 28 43 23 26 37 27 29 37 25 30 47 26 28 41 39 43 49 37 19 36 26 28 39 28 36 33 38 21 30 21 27 32 49 39 33 28 31 27 20 30 44 26 31 30 37 41 42 22 24 33 
31 38 33 42 42 18 19 26 32 23 34 32 26 34 39 34 42 39 17 34 32 40 23 19 26 25 41 30 31 38 32 29 31 28 19 27 43 24 40 23 0 33 48 29 32 32 31 19 28 30 23 42 20 23 36 43 38 44 32 25 30 21 23 29 23 31 38 33 25 33 25 22 37 44 34 28 31 27 30 24 25 39 29 35 24 39 36 37 26 24 27 
27 33 29 38 38 28 29 21 26 33 29 30 22 29 34 41 38 33 26 29 39 37 30 26 32 21 34 37 27 32 28 22 37 21 28 33 36 16 46 19 31 0 42 23 26 38 26 30 38 24 31 48 27 29 42 38 44 50 38 19 37 27 29 40 30 38 32 39 20 30 22 29 32 50 41 35 27 33 27 20 32 45 25 31 31 39 42 43 22 25 34 
25 32 28 36 37 32 33 19 24 37 26 29 23 25 30 43 39 33 30 25 39 35 30 28 32 22 30 38 28 28 31 23 36 18 32 37 31 19 47 23 35 32 0 25 20 41 26 34 42 22 33 50 30 30 40 36 47 47 39 23 41 31 31 44 32 37 26 37 19 30 26 32 36 52 43 37 21 30 24 23 29 49 21 33 35 43 40 45 19 30 38 
26 32 28 36 37 28 29 19 25 33 27 29 21 27 33 41 37 32 26 27 39 36 30 26 32 20 33 37 26 30 28 21 37 19 29 33 34 15 46 19 31 28 40 0 24 39 24 30 38 22 31 48 27 30 42 36 45 49 38 19 37 27 29 40 30 38 30 38 19 28 22 29 32 50 41 35 25 32 25 19 31 45 24 31 31 39 42 43 21 25 34 
25 32 27 36 36 32 33 19 24 37 26 28 23 25 30 43 39 33 31 25 38 35 30 28 32 22 30 38 29 28 32 23 36 19 33 38 31 20 46 24 35 33 36 26 0 41 27 34 43 23 33 50 29 30 39 37 47 47 38 24 42 32 31 44 32 36 26 36 20 31 27 31 37 51 43 37 21 30 25 24 29 50 22 34 36 44 40 45 20 30 39 
32 38 36 44 42 23 24 27 34 28 33 32 29 34 38 33 46 42 21 34 32 40 23 19 26 28 42 29 35 38 35 32 30 31 23 29 43 27 40 26 26 36 50 32 33 0 34 25 33 33 24 36 17 18 34 46 32 41 26 28 29 20 16 35 17 26 40 33 28 36 28 18 39 38 28 23 34 26 32 27 23 38 32 38 24 42 31 30 28 27 29 
25 32 28 36 37 28 29 19 25 33 27 29 21 27 32 41 37 32 26 27 39 35 30 27 32 20 32 37 25 30 28 21 37 19 29 34 34 17 47 21 31 30 39 23 23 39 0 30 39 22 31 49 27 30 41 34 45 49 38 21 37 28 29 40 30 38 29 38 17 26 24 29 32 51 41 35 24 32 23 20 31 45 22 29 31 41 42 43 19 27 34 
31 38 33 42 42 20 21 26 32 25 33 32 26 34 38 35 42 39 18 34 32 40 23 20 26 25 41 30 31 38 32 29 31 28 20 27 43 24 40 23 22 33 48 29 32 32 31 0 29 30 22 42 20 23 36 43 38 44 32 25 30 21 23 29 23 31 38 33 25 33 25 22 37 44 34 28 31 26 30 24 25 39 29 35 24 39 36 37 26 24 27 
31 38 33 42 42 19 20 26 31 24 34 33 26 34 39 34 42 39 17 34 33 40 24 20 26 25 41 30 31 38 32 29 31 27 19 27 42 23 40 23 21 33 48 29 32 32 31 19 0 30 23 42 21 23 36 43 38 44 32 25 31 21 23 29 24 32 38 33 25 33 24 23 36 44 35 29 31 27 30 24 26 39 29 35 25 39 36 37 26 24 28 
26 33 28 37 37 30 31 20 25 35 28 29 21 27 32 43 38 32 28 27 41 36 32 29 34 20 32 39 26 30 29 20 38 19 31 36 34 18 48 21 33 31 38 24 22 41 25 32 41 0 33 51 29 32 42 35 47 49 40 22 39 30 31 42 32 39 28 39 18 28 25 31 34 53 43 37 22 32 24 22 31 48 21 31 33 42 42 45 19 28 36 
31 37 33 42 41 20 21 26 32 25 32 31 26 33 37 34 42 39 18 33 31 39 22 19 25 25 41 29 32 37 32 29 29 28 20 26 42 24 39 23 23 33 47 29 32 30 31 22 30 30 0 41 19 21 35 43 37 43 30 25 29 19 21 32 22 30 37 32 25 33 25 21 36 43 33 27 31 25 29 24 24 37 29 35 23 39 34 35 25 24 26 
32 38 36 44 42 24 25 27 34 29 33 32 30 34 38 34 47 43 22 34 33 40 24 20 27 29 42 30 36 38 36 33 31 31 25 30 43 28 41 27 27 37 50 33 33 27 35 26 35 34 25 0 17 16 33 47 32 41 25 29 30 22 15 36 17 24 40 33 29 37 29 19 40 37 27 23 35 27 33 28 22 40 33 39 25 43 29 29 29 28 31 
32 38 36 43 42 22 23 27 34 27 33 32 29 34 38 33 45 42 20 33 32 39 23 18 25 28 42 29 34 38 34 31 30 30 23 28 43 26 40 26 25 36 50 31 33 28 33 24 33 32 24 37 0 19 35 45 33 42 28 28 28 20 18 34 19 27 39 33 27 35 27 17 39 39 30 24 33 26 32 26 24 38 31 37 23 41 32 32 28 27 29 
31 37 36 43 41 24 25 27 33 29 33 31 31 33 38 35 47 42 23 33 34 39 25 20 27 30 41 31 36 37 36 33 32 30 25 31 42 28 41 28 27 38 50 34 32 28 35 26 35 35 26 36 19 0 32 47 34 40 23 30 30 22 17 36 18 23 39 32 29 38 29 21 41 36 27 24 34 26 34 28 21 40 33 39 25 43 27 30 30 29 31 
29 35 34 41 39 23 24 25 32 28 31 30 29 31 36 33 45 40 21 31 29 37 20 19 23 28 39 29 34 35 34 31 28 29 23 30 40 26 37 26 26 36 48 31 30 32 33 25 33 33 23 41 20 23 0 45 37 41 31 28 32 23 22 35 23 30 37 30 27 35 27 22 39 43 34 28 32 24 32 26 23 41 31 37 27 41 34 36 28 27 30 
26 33 29 37 38 29 30 20 26 34 28 30 22 28 33 42 38 33 27 28 40 36 31 27 33 21 33 38 26 31 29 22 38 20 29 34 34 18 47 22 32 31 38 24 22 39 24 31 39 21 32 49 28 31 42 0 45 50 39 21 38 28 30 41 31 39 28 39 17 27 25 30 33 51 42 36 23 33 23 20 32 46 21 30 32 42 43 44 18 28 35 
32 38 37 44 42 23 24 28 34 28 34 32 30 34 39 33 46 43 22 34 33 40 23 19 26 28 42 29 35 38 35 32 31 31 24 30 43 27 40 27 26 37 51 32 33 27 34 25 34 33 24 37 16 18 34 46 0 42 27 28 29 21 17 35 18 26 40 33 28 36 28 18 39 38 29 24 34 27 33 27 24 39 32 38 25 42 31 31 29 28 30 
30 36 34 41 40 23 24 25 32 28 31 30 29 32 36 34 45 41 21 31 29 37 21 19 23 28 40 29 34 36 35 32 28 29 24 30 40 26 37 26 26 36 48 32 31 32 34 25 34 33 24 42 20 23 26 46 38 0 31 28 33 23 22 35 23 30 37 30 28 36 27 22 39 44 34 28 33 24 32 26 23 41 32 38 27 42 34 36 28 27 30 
32 38 36 43 42 25 26 27 34 30 33 32 31 34 38 35 48 43 23 33 34 39 25 21 28 30 42 31 37 38 37 34 32 31 25 31 42 29 42 28 28 38 50 34 33 29 36 27 35 35 26 37 19 15 33 48 34 40 0 30 31 22 17 37 18 23 39 33 30 38 30 21 41 35 27 24 35 26 34 29 22 40 34 40 26 44 28 29 30 29 31 
28 35 30 39 39 29 30 22 28 34 30 31 23 30 36 42 39 35 27 30 40 38 31 27 33 22 35 38 28 33 29 24 38 22 29 34 37 18 47 20 32 29 43 24 27 39 27 31 39 25 32 49 28 31 43 39 45 51 39 0 38 28 30 41 31 39 33 40 21 29 23 30 32 51 42 36 27 34 26 20 33 46 25 30 32 40 43 44 22 26 35 
32 38 34 43 42 20 21 27 32 25 33 32 27 34 38 34 43 40 19 34 32 39 23 19 25 26 41 30 32 38 33 30 30 28 21 27 43 24 40 24 23 34 48 30 32 28 31 22 31 31 23 39 17 19 35 44 35 42 28 26 0 18 19 32 20 27 38 33 26 34 25 19 37 41 31 25 32 26 30 24 24 36 30 35 22 39 32 33 26 25 27 
33 39 35 44 43 22 23 28 34 27 34 33 28 35 39 36 45 41 20 35 33 41 24 21 27 27 43 31 34 39 34 31 32 30 22 28 44 26 41 25 25 35 49 31 34 30 33 24 32 32 25 41 18 22 37 45 37 45 30 27 29 0 22 34 22 30 39 34 27 35 27 21 38 43 33 27 33 27 31 26 26 37 31 37 21 41 34 36 27 26 28 
33 39 37 44 43 25 26 28 35 30 34 33 31 35 39 35 47 44 23 34 34 40 25 20 27 30 43 31 36 39 37 34 32 32 25 31 43 28 41 28 28 38 51 34 34 27 35 27 35 35 25 35 18 17 34 47 31 41 25 30 31 21 0 37 16 25 40 34 30 38 29 19 41 36 26 22 36 27 34 28 23 40 34 39 26 43 30 29 30 29 31 
31 37 33 41 42 19 20 26 31 24 33 33 26 34 39 35 42 39 18 34 33 40 24 20 26 25 40 31 31 38 31 28 31 27 20 27 42 23 40 23 22 33 47 28 31 32 31 20 28 30 23 43 21 24 36 43 39 44 32 24 31 21 23 0 24 32 37 33 25 33 24 23 36 44 35 29 31 27 29 23 26 39 29 35 25 38 36 37 25 24 28 
33 39 38 45 43 25 26 29 35 30 35 34 31 35 40 35 47 44 23 35 34 41 25 20 27 30 43 31 36 39 36 33 32 32 25 31 44 28 41 28 28 38 52 34 34 27 35 27 35 35 25 36 18 17 34 47 31 42 25 30 31 21 15 37 0 26 41 34 29 38 29 19 41 36 27 22 36 28 34 28 23 40 33 39 26 43 30 29 30 29 31 
32 38 37 44 42 26 27 28 35 31 34 33 33 34 39 37 49 43 25 34 36 40 27 22 29 32 42 33 38 38 39 36 33 32 27 33 43 31 44 30 30 40 51 36 33 31 38 28 37 37 28 39 21 17 33 50 36 41 25 32 33 24 19 38 21 0 40 33 32 40 31 23 43 38 29 26 35 27 36 30 23 42 36 41 28 45 25 32 32 31 33 
26 33 29 37 38 33 34 20 25 38 27 30 24 26 31 44 41 34 31 26 40 36 31 29 33 23 31 39 29 29 32 24 37 20 34 38 32 21 48 25 36 34 37 27 20 42 28 35 43 23 34 51 31 31 41 38 48 48 40 25 42 32 32 45 33 38 0 37 21 31 28 32 37 52 44 38 20 31 25 24 30 50 22 34 36 45 41 46 20 31 39 
27 33 31 38 37 24 25 22 29 29 28 27 27 29 33 34 44 38 22 28 30 34 21 20 22 27 37 29 34 33 35 30 25 26 24 31 37 27 36 27 27 37 45 32 28 32 34 26 34 31 24 42 21 23 32 46 38 40 31 28 33 24 23 36 24 29 34 0 28 36 28 23 40 44 35 29 30 20 33 27 22 42 31 38 27 42 33 37 29 28 31 
27 33 29 38 38 29 30 21 26 34 29 30 22 29 34 42 38 33 27 29 40 37 31 28 33 21 34 38 27 32 30 22 38 21 30 34 35 18 47 22 32 31 39 24 23 40 24 31 40 22 32 50 28 31 43 35 46 50 39 22 38 28 30 41 31 39 29 40 0 27 25 30 33 51 42 36 23 33 22 21 32 46 21 30 32 42 43 44 18 28 35 
26 33 29 37 38 27 28 20 26 32 28 30 22 28 33 40 38 32 26 28 38 36 29 26 31 20 33 36 26 31 29 21 36 20 28 33 35 18 46 21 30 30 40 24 24 38 23 29 38 23 30 48 26 29 42 35 44 49 38 20 36 27 28 39 29 37 30 39 18 0 24 28 31 50 40 34 24 32 23 19 31 45 23 28 30 41 42 43 19 27 33 
26 33 29 37 38 25 26 21 27 30 29 30 22 30 35 38 38 35 23 30 36 36 27 23 29 20 36 34 27 34 27 24 34 23 26 30 38 19 43 19 28 29 44 24 28 36 28 27 36 26 28 46 24 27 39 40 42 47 35 20 34 24 26 37 27 35 34 36 22 31 0 26 32 47 38 32 29 30 28 20 29 42 27 32 28 36 40 40 23 22 31 
32 38 37 44 42 23 24 28 35 28 34 33 30 34 39 34 46 43 22 34 33 40 24 19 26 29 42 29 35 38 35 32 31 31 24 30 43 27 40 27 26 37 51 32 33 28 34 25 34 33 24 38 16 20 35 46 34 43 28 28 29 21 19 35 19 28 40 33 28 36 28 0 39 39 30 23 34 27 33 27 24 39 32 38 24 42 32 32 29 28 30 
27 34 29 38 38 27 28 22 27 32 30 30 22 30 36 40 38 35 25 30 38 37 29 25 31 21 36 36 27 33 28 24 36 22 27 32 37 18 45 19 30 28 43 24 27 37 27 29 37 25 30 47 26 29 41 39 43 49 37 20 36 26 28 39 29 37 33 38 22 30 21 28 0 49 40 34 28 32 26 19 31 44 26 31 30 38 41 42 22 24 33 
33 39 37 44 43 26 27 28 35 31 34 33 32 35 39 36 49 44 24 34 35 40 26 22 28 31 43 32 38 39 38 35 33 32 26 32 43 30 43 29 29 39 51 35 34 29 37 28 36 36 27 37 19 16 33 49 33 41 23 31 32 22 16 38 17 24 40 34 31 39 31 20 42 0 26 23 36 27 35 30 23 41 35 41 27 45 28 28 31 30 32 
33 39 38 45 43 26 26 29 35 31 35 33 32 35 40 36 48 44 24 35 35 41 26 21 28 31 43 32 37 39 37 34 33 32 26 32 44 29 42 29 29 39 52 35 34 28 36 28 36 36 26 36 19 16 34 48 32 42 24 31 32 22 15 38 17 24 41 34 30 39 30 20 42 35 0 22 36 28 35 29 23 41 34 40 27 44 29 28 31 30 32 
33 39 38 45 43 24 25 29 36 30 35 34 31 35 40 35 47 44 23 35 34 41 25 20 27 30 43 30 36 39 36 33 32 32 25 31 44 28 41 28 28 38 52 33 34 29 35 27 35 34 25 37 18 18 35 47 32 43 26 30 31 20 16 37 17 26 41 34 29 37 29 18 41 37 27 0 35 28 34 28 24 40 33 39 26 43 31 29 30 29 31 
27 34 30 38 39 33 34 21 26 38 28 30 25 27 32 45 42 35 31 27 41 37 32 30 34 24 32 40 30 30 33 25 38 21 33 38 33 22 49 26 36 35 38 28 21 43 28 35 43 24 35 52 32 32 42 38 49 49 40 25 42 32 33 45 34 39 25 38 20 32 29 33 37 53 45 39 0 32 24 24 31 50 22 34 36 46 42 47 20 32 39 
26 32 31 38 36 23 24 22 28 29 28 27 27 28 33 34 44 37 22 28 30 34 21 20 23 26 36 29 33 32 35 30 25 25 24 31 37 26 36 27 27 37 45 32 27 32 34 26 34 31 24 42 21 22 32 46 38 39 31 28 33 24 23 36 24 29 34 26 28 36 28 23 39 44 35 29 29 0 33 27 21 42 30 38 27 42 32 37 28 28 30 
28 34 30 39 39 29 30 22 27 34 29 31 23 28 34 42 39 34 27 28 40 38 31 27 33 22 33 38 28 31 31 23 38 21 30 34 34 19 47 23 32 32 39 25 23 40 25 31 39 22 32 49 28 31 43 36 45 50 39 21 38 28 30 41 31 39 28 40 17 28 25 30 33 51 42 36 22 33 0 21 32 46 20 30 32 42 43 44 16 28 35 
29 35 31 39 40 27 28 23 28 32 31 32 24 31 36 40 40 35 25 31 38 39 29 25 31 23 36 36 29 34 29 24 36 23 28 32 38 19 45 21 30 29 43 24 27 37 26 29 37 26 30 47 26 29 41 39 43 49 37 20 36 26 28 39 29 37 33 38 21 29 22 28 30 49 40 34 27 32 25 0 31 44 25 30 30 39 41 42 21 26 33 
26 32 31 38 36 24 25 21 28 29 28 26 27 28 33 35 43 37 23 28 31 34 22 20 24 26 36 30 33 32 36 29 27 25 25 31 37 26 37 27 27 37 45 32 27 33 34 26 35 31 25 43 21 22 27 45 39 35 31 29 34 24 23 36 24 29 34 27 28 37 29 23 40 44 35 29 29 21 33 28 0 42 30 39 28 43 33 37 28 28 31 
32 38 35 43 42 21 22 27 33 26 34 33 28 34 39 35 44 41 19 34 33 40 24 20 26 26 42 31 33 38 33 30 31 29 22 27 43 25 40 24 24 35 49 30 33 30 32 23 31 31 24 40 18 21 36 44 36 44 29 26 28 18 21 33 22 29 39 33 26 34 26 20 37 42 33 27 32 27 31 25 26 0 30 36 21 40 34 35 26 26 27 
28 35 30 39 39 31 32 22 27 36 29 31 24 28 33 44 40 34 30 28 42 38 33 30 35 23 33 40 29 31 32 23 39 20 32 37 34 20 50 24 34 33 38 26 22 42 27 33 42 22 34 52 30 33 42 37 48 50 41 24 40 31 32 43 33 39 27 39 19 30 27 32 35 54 44 38 21 33 23 23 32 49 0 32 34 44 43 47 18 31 37 
27 34 30 38 39 27 28 21 27 32 29 31 23 29 34 40 39 33 25 29 38 37 29 25 31 22 34 36 27 32 29 22 36 21 27 32 36 18 45 20 30 29 41 24 25 37 24 29 37 24 30 47 26 28 41 36 43 49 37 19 36 26 28 39 29 37 31 38 18 26 23 28 30 49 40 34 25 32 23 18 31 44 22 0 30 40 41 42 19 26 33 
33 39 35 43 43 21 22 28 33 26 34 33 28 35 39 35 44 41 19 34 33 40 24 20 26 27 42 31 33 39 33 30 31 29 22 27 43 25 40 25 24 35 49 30 33 30 32 23 32 31 24 40 18 21 36 44 36 44 30 27 28 17 21 33 22 29 39 33 26 34 26 20 38 42 33 27 32 27 31 25 26 36 30 36 0 40 34 35 27 26 28 
27 33 29 38 38 24 24 22 27 29 30 30 22 30 35 37 38 35 22 30 35 37 25 22 28 21 36 32 27 34 28 25 33 23 24 29 38 19 42 19 27 29 44 25 28 34 28 26 34 26 27 44 23 25 38 40 40 46 34 21 33 23 25 36 26 33 34 35 23 32 20 24 33 46 37 30 29 29 28 21 27 41 27 33 27 0 38 39 24 21 30 
32 38 36 43 42 27 28 27 34 32 33 32 32 34 38 37 49 43 25 33 36 39 27 23 29 32 42 33 39 38 39 35 32 31 27 33 43 31 43 30 30 40 50 36 33 31 38 29 37 36 28 39 21 17 33 50 36 40 25 32 33 24 20 39 21 21 39 33 32 40 32 23 43 38 30 27 35 26 37 31 22 42 36 42 28 46 0 32 32 31 33 
35 41 39 47 45 27 28 30 37 32 36 35 33 37 41 37 50 46 25 37 36 43 27 23 30 32 45 33 39 41 39 36 34 34 28 33 46 31 44 30 30 40 53 36 36 30 38 29 38 37 28 38 20 18 36 50 34 43 26 32 33 23 17 39 18 26 42 36 32 40 32 21 43 37 27 24 38 30 36 31 25 43 36 42 28 46 31 0 32 31 34 
29 35 31 39 40 30 31 23 27 35 29 32 24 29 34 43 40 35 28 28 41 39 32 28 34 23 34 39 29 32 32 24 39 21 30 35 35 20 48 24 33 32 39 26 23 40 26 32 40 23 33 50 29 31 43 36 46 51 40 22 39 29 31 42 32 40 29 40 17 29 26 31 34 52 43 37 22 34 21 21 33 47 20 31 33 43 44 45 0 29 36 
27 34 30 38 39 23 24 22 28 28 30 31 22 31 36 36 39 35 21 30 34 37 25 22 27 21 37 32 28 35 28 25 32 24 24 29 39 20 41 19 26 29 45 25 29 34 29 25 34 27 26 44 22 25 38 41 40 45 33 21 32 22 24 35 25 33 35 34 23 32 21 24 34 45 36 30 29 28 28 21 27 40 28 33 26 35 38 38 24 0 29 
31 36 33 41 41 19 20 26 31 24 32 31 26 33 37 33 42 39 17 32 31 38 22 18 24 24 40 29 31 36 31 28 29 27 20 25 41 23 38 23 22 33 47 28 31 30 30 21 30 29 22 40 18 21 34 42 36 42 30 24 28 19 21 31 22 29 37 31 24 32 24 21 35 42 33 27 30 25 29 23 24 37 28 34 22 38 34 35 25 24 0 
