! Tipo tiempos viaje. Tipo m: matriz de tiempos, Tipo c: coordenadas (se supone tiempo=distancia euclidea)
m
! Num. estaciones, num. depositos, num. vehiculos
90 1 3
! Estaciones: capacidad, bicis buenas, bicis averiadas, objetivo bicis buenas, peso
35 12 0 17 1
20 2 0 10 1
36 30 0 18 1
20 7 0 10 1
20 7 0 10 1
24 9 0 12 1
18 13 0 9 1
27 9 0 13 1
31 20 0 15 1
25 0 0 12 1
24 4 0 12 1
20 14 0 10 1
36 5 0 18 1
10 8 0 5 1
31 11 0 15 1
15 13 0 7 1
16 5 0 8 1
38 38 0 19 1
27 16 0 13 1
24 24 0 12 1
28 0 0 14 1
31 2 0 15 1
25 4 0 12 1
29 25 0 14 1
23 7 0 11 1
24 4 0 12 1
40 38 0 20 1
20 13 0 10 1
17 17 0 8 1
27 16 0 13 1
25 15 0 12 1
18 14 0 9 1
22 2 0 11 1
20 12 0 10 1
20 17 0 10 1
20 1 0 10 1
25 0 0 12 1
15 3 0 7 1
16 7 0 8 1
20 8 0 10 1
28 6 0 14 1
14 3 0 7 1
17 17 0 8 1
20 14 0 10 1
24 3 0 12 1
18 4 0 9 1
29 17 0 14 1
14 12 0 7 1
20 10 0 10 1
24 9 0 12 1
23 11 0 11 1
20 6 0 10 1
25 23 0 12 1
36 17 0 18 1
20 15 0 10 1
20 17 0 10 1
21 17 0 10 1
18 2 0 9 1
15 12 0 7 1
24 14 0 12 1
15 15 0 7 1
17 17 0 8 1
16 12 0 8 1
20 15 0 10 1
18 11 0 9 1
28 4 0 14 1
20 19 0 10 1
20 15 0 10 1
36 8 0 18 1
20 12 0 10 1
20 19 0 10 1
40 19 0 20 1
36 3 0 18 1
20 9 0 10 1
18 17 0 9 1
24 24 0 12 1
40 0 0 20 1
20 9 0 10 1
20 19 0 10 1
35 29 0 17 1
20 1 0 10 1
22 14 0 11 1
21 1 0 10 1
26 3 0 13 1
20 9 0 10 1
20 14 0 10 1
24 5 0 12 1
17 8 0 8 1
20 5 0 10 1
20 12 0 10 1
! Depositos: num. bicis buenas
0
! Vehiculos: capacidades
20
20
20
! Tiempo carga/descarga, tiempo maximo
0 240
! Num. matrices de tiempos
1
! matriz de tiempos: filas primero estaciones, luego depositos
0 23 28 22 26 34 26 29 19 39 27 28 20 20 24 34 25 27 22 24 30 22 26 37 27 23 29 36 31 33 35 27 31 26 31 27 30 28 37 25 27 33 25 26 42 28 25 32 24 31 36 31 24 32 29 30 28 27 29 39 25 31 27 38 37 29 30 25 27 24 34 37 38 44 35 30 46 39 38 27 31 30 34 29 26 39 36 41 29 26 25 
18 0 26 19 24 32 26 27 19 37 25 28 18 18 25 32 23 27 22 23 30 21 24 37 25 23 27 35 30 33 34 26 31 24 31 27 29 27 36 22 27 33 23 24 41 29 25 31 24 29 34 29 23 32 28 28 28 25 29 39 23 29 25 37 35 27 29 25 25 25 31 37 36 42 35 29 43 38 36 26 29 28 35 27 24 38 35 41 27 26 25 
20 24 0 20 24 33 27 28 19 39 25 27 18 20 25 34 25 26 21 24 29 23 23 36 24 22 27 34 28 34 33 24 30 23 32 26 28 26 35 23 27 32 23 24 40 29 24 30 23 29 34 29 21 31 27 28 28 25 28 38 23 29 25 36 35 27 28 25 25 25 32 36 36 42 34 28 44 37 36 25 29 28 35 27 24 37 34 40 27 25 25 
18 22 25 0 24 31 26 26 19 37 24 28 17 18 25 32 23 27 22 23 30 21 23 37 24 22 26 35 29 33 33 25 31 23 31 27 29 27 36 22 27 33 22 23 40 29 25 30 24 28 33 28 22 32 28 27 28 24 29 39 22 28 24 36 34 26 28 25 24 25 31 37 35 41 35 28 43 38 35 26 28 27 35 26 23 38 35 41 26 26 25 
19 23 25 21 0 34 25 29 18 39 26 26 19 21 24 35 25 25 20 23 28 22 24 35 24 21 28 33 28 32 34 24 29 23 30 25 27 25 34 24 26 31 24 25 40 28 23 29 22 30 35 30 21 30 26 29 27 26 27 37 24 30 26 37 36 27 27 24 26 23 33 35 37 43 33 27 45 36 37 25 29 29 34 28 25 37 33 39 28 24 24 
19 23 26 19 25 0 27 27 20 36 24 28 17 18 25 32 23 27 22 24 30 21 24 37 25 23 26 35 29 34 33 25 31 23 32 27 30 28 37 22 28 33 22 23 41 29 25 31 25 28 33 28 22 32 29 27 29 24 30 40 22 28 24 36 34 26 29 26 24 25 31 37 35 41 35 29 43 39 35 27 29 27 35 26 23 38 35 41 26 26 26 
18 23 27 22 25 35 0 30 18 38 27 27 20 20 23 34 23 26 21 21 29 20 25 36 26 22 29 35 30 30 36 26 30 25 29 26 29 27 36 25 24 32 25 26 41 27 24 31 23 31 36 31 23 31 28 30 26 27 28 38 25 31 27 39 37 29 29 24 27 22 34 36 38 44 34 29 46 38 38 26 31 30 33 29 26 38 35 40 29 24 24 
20 23 27 20 26 32 27 0 21 36 25 29 18 17 26 31 23 28 24 23 31 20 25 38 26 24 27 36 31 33 33 27 32 24 32 28 31 29 38 21 27 34 21 24 42 29 26 32 26 27 33 27 24 33 30 26 28 23 31 41 23 27 24 37 33 27 30 27 23 25 30 38 34 42 36 30 42 40 36 28 29 28 35 25 23 39 37 42 25 26 27 
19 23 27 22 24 35 26 30 0 39 27 25 21 21 23 35 25 24 19 23 27 22 25 34 26 20 30 33 30 33 36 24 28 25 30 24 27 25 34 25 26 30 25 27 39 27 22 29 21 32 37 31 22 29 26 31 26 28 26 36 25 32 28 38 38 29 28 22 28 22 34 34 38 45 33 28 46 36 39 24 29 31 33 30 26 36 34 38 30 23 22 
21 24 28 21 27 33 28 27 22 0 26 30 19 16 26 30 23 29 24 23 32 21 26 39 27 25 28 37 32 34 34 28 33 25 32 29 32 30 39 22 27 35 22 25 43 30 27 33 27 28 35 28 25 34 31 28 29 25 32 42 24 28 25 37 34 28 31 28 24 26 31 39 35 43 37 31 43 41 37 29 30 29 36 26 24 40 38 43 26 27 28 
19 23 25 20 26 33 28 28 20 38 0 29 17 20 26 34 25 28 23 25 31 22 22 37 24 24 26 34 29 35 31 25 32 22 32 28 30 28 37 22 28 34 22 22 40 30 26 30 25 28 33 28 22 33 29 27 29 24 30 40 21 28 24 34 34 24 28 27 24 26 31 38 35 40 35 28 43 39 34 27 27 26 36 26 22 38 35 41 26 27 27 
20 25 27 23 25 36 27 31 19 41 27 0 21 23 25 37 27 24 19 25 27 24 24 33 25 20 30 32 28 34 36 23 28 24 31 24 26 23 33 25 28 29 26 26 38 27 21 28 21 32 37 31 20 29 25 31 27 28 26 36 24 32 28 37 38 28 26 23 28 23 34 34 39 44 31 26 46 34 38 23 28 30 33 30 25 35 32 37 30 23 23 
19 23 25 20 26 32 28 27 20 38 22 29 0 20 26 34 25 28 23 25 31 22 22 37 24 24 25 35 29 35 31 25 32 22 33 28 30 28 37 20 29 34 20 22 40 30 26 30 25 26 31 26 22 33 29 26 29 23 30 40 20 26 22 34 32 24 28 27 23 26 29 38 33 40 35 28 41 39 33 27 27 26 36 24 21 38 35 42 25 27 27 
21 24 28 21 27 33 28 27 22 34 26 30 19 0 26 30 23 29 25 23 32 21 26 39 27 25 28 37 32 34 34 28 33 25 32 29 32 30 39 22 27 35 22 25 43 30 27 33 27 28 35 28 25 34 31 28 29 25 32 42 24 28 26 37 34 28 31 28 25 26 31 39 35 43 37 31 43 41 37 29 30 29 36 26 24 40 38 43 26 27 28 
20 24 29 23 26 36 26 31 17 40 28 25 22 21 0 35 25 24 20 23 27 22 26 35 27 20 31 34 30 32 37 25 28 26 29 25 27 25 34 26 26 31 26 28 40 26 22 30 22 33 38 32 22 29 27 32 25 29 27 37 26 33 29 39 38 30 28 23 29 22 35 35 39 46 33 28 47 36 40 25 30 32 32 31 27 37 34 38 31 23 23 
22 25 29 23 28 34 29 28 23 35 27 32 20 17 28 0 24 31 26 25 33 22 27 41 28 26 29 39 33 35 36 29 34 26 33 31 33 31 40 23 29 37 23 26 44 31 29 35 28 29 36 29 26 36 32 29 30 26 33 43 25 30 27 39 35 29 32 29 26 27 32 41 36 44 39 32 44 42 38 30 32 30 37 27 26 42 39 45 28 28 29 
22 25 29 22 28 35 27 29 21 37 28 30 21 19 25 33 0 29 24 22 32 17 27 39 28 25 30 38 33 32 36 29 33 27 31 29 32 30 39 24 26 36 24 27 44 28 27 34 26 30 36 30 26 34 31 29 28 26 31 41 26 30 27 39 36 29 32 28 26 24 33 39 37 45 38 32 45 41 39 29 32 31 34 28 26 41 39 43 28 26 27 
21 25 29 24 26 37 27 32 18 41 29 26 22 23 24 37 26 0 19 24 25 23 26 36 27 16 31 34 31 34 38 25 25 26 29 21 26 26 33 27 28 30 27 28 40 25 21 30 20 33 38 33 23 26 26 33 23 30 24 35 27 33 29 40 39 31 29 20 29 20 36 32 40 46 32 29 48 36 40 23 30 32 30 31 28 36 35 36 31 20 20 
23 27 30 25 27 38 29 33 20 43 30 27 24 25 27 39 29 24 0 27 28 26 27 36 28 19 33 35 31 36 39 24 27 27 32 23 24 24 31 28 30 28 28 29 39 28 20 31 19 34 40 34 21 28 24 34 26 31 25 34 28 34 30 40 40 31 27 21 31 21 37 32 41 47 30 27 49 34 41 21 31 33 32 32 29 34 35 36 33 22 22 
21 25 30 24 27 36 26 30 20 38 29 29 22 20 25 34 23 28 23 0 31 20 28 39 29 24 31 37 33 29 37 29 32 28 29 27 31 29 38 25 23 35 25 28 44 26 26 34 26 31 38 31 26 33 30 31 26 28 31 41 27 31 29 41 37 31 32 27 28 22 34 38 38 46 37 32 46 40 40 28 33 32 32 29 27 41 38 42 29 24 25 
22 26 30 25 27 38 28 33 19 41 30 27 24 23 24 37 27 25 21 24 0 23 28 37 28 21 33 35 32 32 39 27 29 27 27 24 28 27 35 28 26 32 28 29 42 24 23 31 23 34 40 34 24 30 28 34 23 31 28 38 28 34 31 41 40 32 30 24 31 20 37 36 41 48 34 30 49 38 41 26 32 34 30 32 29 38 36 39 33 21 22 
22 25 30 23 28 35 27 29 21 37 28 30 21 19 25 33 20 29 24 22 32 0 28 39 28 25 30 38 33 32 37 29 33 27 31 29 32 30 39 24 26 36 24 27 44 28 27 34 26 30 37 30 26 34 31 30 28 27 31 41 26 30 28 40 36 30 33 28 27 24 33 39 37 45 37 33 45 41 39 29 33 31 34 28 27 41 39 43 29 26 27 
23 27 28 23 27 36 30 31 23 41 23 31 19 23 29 37 28 30 25 28 33 25 0 38 21 25 27 35 28 37 32 24 34 20 35 30 31 27 38 23 31 33 23 21 39 33 27 29 26 29 33 28 21 35 28 28 32 25 32 41 20 28 24 33 34 24 27 28 24 28 31 39 35 39 34 27 43 38 33 27 26 25 39 26 21 37 34 42 26 28 28 
21 26 29 24 26 37 28 32 19 42 29 25 22 23 26 37 28 24 19 26 27 25 26 0 27 20 31 34 30 35 38 21 27 26 31 24 25 22 32 27 29 28 27 28 36 27 21 29 20 33 38 33 19 29 23 33 27 30 26 35 26 33 29 39 39 30 25 22 30 22 36 33 40 46 30 25 48 33 40 22 30 32 33 31 27 33 34 37 31 22 22 
22 26 27 23 27 35 30 31 22 41 24 30 20 23 28 37 27 29 24 27 32 25 20 37 0 25 28 35 28 37 33 23 33 20 34 29 31 26 38 23 30 32 23 22 39 32 26 29 26 29 33 29 20 34 27 29 31 26 31 40 20 29 24 33 35 24 27 28 25 28 31 39 36 40 34 27 43 37 34 27 27 26 38 27 21 36 33 41 27 28 28 
21 26 30 25 27 37 27 32 18 42 30 27 23 23 24 37 27 21 20 25 26 24 27 36 28 0 32 35 31 34 38 26 26 27 30 20 27 26 34 28 28 31 28 29 41 26 21 31 21 34 39 34 23 27 27 33 22 30 24 36 28 34 30 40 40 31 29 20 30 19 36 32 41 47 32 29 48 37 41 24 31 33 30 32 29 37 35 36 32 20 19 
21 25 27 21 27 33 29 28 22 39 22 30 17 21 27 35 26 29 24 26 32 23 22 39 24 25 0 36 30 36 31 26 33 22 34 29 31 29 38 19 30 35 19 21 42 31 27 32 26 25 30 25 23 34 30 25 31 22 32 41 20 25 21 34 31 24 30 28 22 27 28 39 32 39 37 30 40 40 33 28 27 25 37 23 21 39 36 43 24 28 28 
21 26 27 23 25 35 28 31 21 41 27 28 20 23 27 37 27 27 22 26 30 25 23 36 23 23 29 0 27 35 35 22 31 22 33 27 28 25 35 25 29 31 25 24 38 30 24 26 23 31 36 31 19 32 26 30 29 27 29 38 23 31 27 36 37 27 25 25 27 25 33 36 38 43 33 25 45 35 36 25 27 29 36 29 24 34 31 40 29 25 25 
21 25 26 22 25 34 28 30 21 40 25 29 19 21 27 35 26 27 22 26 30 24 22 36 22 23 28 33 0 35 34 22 31 21 33 27 29 24 36 23 29 30 24 23 37 30 24 27 24 30 35 30 19 32 25 29 30 26 29 39 22 30 26 35 36 26 25 26 26 26 32 37 37 42 32 25 44 35 35 25 27 28 36 28 23 34 32 40 28 26 26 
21 26 30 25 28 37 26 31 21 39 30 30 23 21 25 35 24 29 24 20 32 21 28 39 29 24 32 38 33 0 39 29 33 28 28 25 32 30 39 26 21 35 26 29 44 25 27 34 26 32 39 32 26 32 31 32 24 29 30 41 28 33 30 42 38 32 32 26 29 21 35 38 39 47 37 32 47 41 41 29 34 33 31 30 29 41 38 42 31 22 24 
21 25 27 21 27 33 29 29 22 39 21 30 17 21 27 35 26 29 24 26 32 23 21 39 23 25 25 36 30 36 0 25 33 20 34 29 31 28 38 21 30 34 21 20 40 31 27 30 26 27 32 27 22 34 29 26 31 23 32 41 19 27 23 33 33 23 28 28 23 27 29 39 34 38 35 28 42 39 32 28 25 24 37 25 20 38 35 43 25 28 28 
23 27 30 25 27 38 29 33 21 43 29 27 24 25 27 39 29 25 21 27 28 26 25 33 26 21 33 35 30 36 37 0 29 25 32 25 27 22 34 28 30 28 28 26 35 28 22 28 22 34 38 34 17 30 23 33 28 30 28 36 25 33 29 38 39 29 23 24 30 24 36 35 40 45 29 23 48 33 38 23 29 31 35 31 26 32 34 37 32 24 24 
24 28 31 26 28 39 30 34 21 44 32 28 25 26 27 40 30 24 20 28 28 26 28 38 29 19 34 36 33 37 40 27 0 28 32 23 26 27 33 30 31 31 30 30 42 29 21 32 20 36 41 36 24 25 27 35 25 32 23 35 29 36 32 42 42 33 31 19 32 20 38 31 42 48 32 31 50 37 42 22 32 34 31 34 30 37 37 35 34 20 20 
22 26 28 23 27 35 30 30 23 41 23 31 19 23 29 37 28 29 24 28 32 25 20 37 21 25 27 35 28 37 31 23 33 0 35 29 31 26 38 22 31 32 22 20 38 32 26 29 26 28 32 28 20 34 27 27 32 24 31 40 19 27 23 32 33 23 26 28 24 28 30 38 34 39 33 27 42 37 32 27 25 25 38 25 20 36 33 41 26 28 28 
22 26 31 25 28 38 27 32 19 40 30 28 24 22 22 36 25 26 22 22 29 22 28 37 29 22 33 36 32 31 39 27 30 28 0 24 30 27 37 27 25 33 27 30 42 24 25 32 24 33 40 33 24 31 29 33 23 30 29 39 28 33 31 41 39 32 30 25 30 20 36 37 40 48 35 30 48 39 41 27 32 34 30 31 29 39 36 41 32 21 23 
23 27 31 26 28 39 29 34 20 43 31 28 25 25 26 39 29 23 20 27 27 25 29 38 29 17 34 36 33 36 40 27 26 28 31 0 27 27 34 29 30 31 29 30 42 27 21 32 21 35 41 35 24 26 27 35 23 32 23 35 29 35 32 42 41 33 31 19 32 18 38 31 42 48 32 31 50 37 42 23 32 34 29 33 30 38 37 35 34 18 18 
24 28 31 26 28 39 31 34 21 44 32 28 25 26 28 40 30 24 20 28 29 27 28 38 29 20 34 36 33 37 40 25 27 28 33 24 0 25 31 29 31 28 30 30 40 29 19 32 18 36 41 36 21 28 24 35 27 32 25 33 29 36 32 42 42 33 28 21 32 22 38 32 42 48 29 28 50 34 42 20 32 34 33 34 30 35 37 34 34 22 22 
23 27 30 25 27 38 29 33 21 43 29 27 24 25 27 39 29 25 21 27 28 26 26 33 27 21 33 35 31 36 38 20 29 25 32 25 26 0 32 28 30 27 28 27 35 28 21 28 22 35 39 34 18 30 22 34 28 31 27 35 26 34 30 39 40 30 24 22 30 24 37 33 41 45 28 24 49 31 39 21 30 31 34 32 27 32 35 36 32 24 24 
23 28 31 26 28 39 30 34 21 44 31 27 24 25 27 39 30 24 19 28 29 26 28 37 29 20 33 36 32 37 40 24 26 28 33 23 23 24 0 29 31 27 29 30 39 29 19 31 19 35 40 35 20 27 23 35 26 32 25 33 28 35 31 41 41 32 27 21 31 21 38 31 42 48 28 27 50 33 42 20 32 34 32 33 29 34 36 34 33 22 22 
23 27 29 24 30 35 31 29 24 40 25 33 19 21 30 35 27 32 27 27 35 24 25 42 27 28 27 39 33 37 34 29 36 25 36 32 34 32 41 0 31 38 19 23 44 33 30 35 29 22 32 21 26 37 33 21 32 22 34 44 22 26 23 37 28 26 32 31 21 29 26 42 29 40 39 33 38 43 35 31 29 27 39 23 22 42 39 46 23 30 30 
23 27 31 26 29 38 28 32 21 40 31 30 24 22 24 36 26 29 24 23 31 22 30 39 30 23 34 38 34 31 40 29 31 29 28 24 32 29 39 27 0 35 28 30 44 24 27 34 26 34 40 33 26 31 31 33 23 30 29 41 29 34 31 43 40 33 32 25 30 20 36 37 40 48 37 32 48 41 42 29 34 35 30 32 30 41 38 41 32 21 23 
24 28 31 26 28 39 30 34 21 44 30 28 25 26 28 40 30 25 20 28 29 27 27 35 28 20 34 36 32 37 39 22 28 26 33 24 25 22 31 29 31 0 29 28 37 29 20 29 20 35 40 35 18 28 21 35 27 32 26 34 27 35 30 39 41 30 25 21 31 22 38 32 42 46 28 25 50 31 40 20 31 32 33 33 28 32 35 34 33 23 23 
23 27 30 24 30 35 32 29 24 40 26 33 20 22 30 36 27 32 27 27 35 24 26 42 28 28 27 39 33 37 34 29 36 25 36 32 34 32 41 16 31 38 0 24 45 33 30 35 29 23 33 22 26 37 33 22 33 22 34 44 22 25 24 37 29 26 33 31 21 29 27 42 30 40 40 33 39 43 35 32 30 26 39 23 21 42 39 46 23 31 31 
22 26 28 23 29 35 31 29 23 40 24 32 18 22 29 36 27 31 26 27 34 24 23 40 25 27 25 37 32 37 33 27 35 22 36 31 33 30 40 20 31 36 20 0 42 33 29 32 28 26 30 26 24 36 31 25 32 22 33 43 20 26 21 34 32 23 30 30 22 29 29 41 33 39 37 30 41 41 33 30 27 25 39 24 20 40 37 45 24 30 30 
24 28 31 26 29 39 31 34 22 44 29 28 24 26 28 40 30 26 21 28 29 27 26 35 26 22 33 36 30 38 38 21 30 25 33 26 27 22 33 28 31 27 28 27 0 30 22 28 22 34 38 34 17 30 22 33 29 31 27 35 25 34 29 38 39 29 23 23 30 24 36 34 41 45 29 23 48 32 38 22 29 31 35 32 26 31 34 36 32 24 24 
22 27 31 26 28 38 27 32 20 40 31 28 24 22 23 36 25 27 22 23 30 22 29 38 29 22 33 36 33 31 39 27 30 28 26 23 30 28 37 27 25 34 27 30 42 0 25 32 24 33 40 33 25 30 29 33 22 30 27 39 29 34 31 42 39 33 31 24 30 19 36 35 40 48 36 31 48 39 42 27 32 34 29 31 30 39 37 39 32 20 21 
24 28 31 27 29 39 30 35 21 44 32 28 25 26 28 40 30 24 20 28 29 27 29 38 29 20 34 36 33 37 40 26 27 28 33 24 25 26 31 30 31 29 30 30 41 29 0 32 17 36 41 36 22 27 25 35 27 32 24 32 29 36 32 42 42 33 29 20 32 22 39 31 43 49 30 29 51 35 42 20 33 35 32 34 30 36 37 34 34 22 22 
25 29 30 26 29 38 31 33 23 44 28 29 23 25 29 39 30 27 23 29 30 28 25 36 25 23 32 36 29 38 36 21 31 24 34 27 29 24 36 27 32 30 27 25 37 30 25 0 24 33 37 33 18 32 25 32 30 29 30 38 24 32 28 36 38 28 22 26 29 26 35 37 39 44 30 22 47 32 36 25 25 30 37 30 25 31 29 39 31 26 26 
24 28 31 26 29 39 30 34 21 44 32 28 25 26 27 40 30 24 21 28 29 27 29 38 29 20 34 36 33 37 40 26 27 28 33 24 25 26 32 30 31 29 30 30 41 29 17 32 0 36 41 36 22 27 25 35 27 32 24 32 29 36 32 42 42 33 29 19 32 22 38 30 42 48 30 29 51 35 42 20 32 35 32 34 30 36 37 34 34 21 22 
24 28 31 25 31 36 33 30 25 41 27 34 21 22 31 36 28 33 28 28 36 25 27 43 29 29 28 40 34 38 35 30 37 26 37 33 35 33 42 17 32 39 21 24 46 34 31 36 30 0 34 22 27 38 34 20 34 23 35 45 23 27 25 38 29 27 34 32 22 30 27 43 27 42 41 34 39 44 36 32 31 28 40 24 23 43 40 47 24 32 32 
23 27 29 23 29 35 31 30 24 40 24 32 19 22 30 36 27 31 27 28 34 25 24 41 26 27 26 38 32 38 33 27 35 23 36 32 33 30 41 19 32 36 19 21 43 34 29 33 29 26 0 25 24 36 31 25 33 21 34 43 20 26 19 35 31 24 31 30 22 30 28 42 32 37 38 31 40 41 33 31 27 23 40 24 19 40 37 45 24 30 30 
24 28 30 25 31 36 33 30 25 41 27 34 20 22 31 36 28 33 28 28 36 25 26 43 29 29 28 40 34 38 35 30 37 26 37 33 35 33 42 17 32 39 21 24 45 34 31 36 30 23 34 0 27 38 34 22 33 23 35 45 23 26 24 38 28 27 34 32 21 30 26 43 28 41 40 34 38 44 36 32 30 27 40 23 23 43 40 47 23 32 32 
23 28 29 25 28 38 30 33 21 43 27 27 22 25 28 39 30 26 21 28 29 27 24 34 24 22 31 35 29 37 36 20 30 23 33 26 27 22 34 26 31 28 26 25 35 29 23 26 23 32 36 32 0 31 23 32 29 29 28 36 24 32 27 36 38 27 22 24 28 25 34 35 39 43 30 22 46 32 37 23 28 29 35 30 25 31 32 37 30 25 25 
24 28 32 27 29 40 30 35 21 44 32 28 25 26 27 40 29 24 21 27 28 26 29 38 30 18 34 37 33 35 41 28 26 29 30 22 27 28 34 30 29 32 30 31 43 27 22 33 21 36 41 36 25 0 28 35 22 33 24 36 29 36 32 42 42 33 31 20 32 17 39 32 43 49 33 31 51 37 43 24 33 35 28 34 30 38 37 36 34 18 18 
24 28 31 26 28 39 31 34 22 44 30 28 25 26 28 40 30 25 20 28 29 27 27 34 27 21 34 36 32 37 39 21 28 26 33 25 26 22 32 29 31 26 29 28 36 30 21 29 21 35 39 35 18 29 0 35 28 32 26 34 26 35 30 39 41 30 25 22 31 23 37 33 42 46 27 25 49 31 40 20 30 32 34 33 27 32 35 35 33 23 23 
25 28 31 25 31 37 33 31 26 41 27 35 21 23 32 37 28 33 29 28 36 26 27 43 29 29 28 40 34 39 36 31 37 26 37 34 36 34 43 17 32 40 21 25 46 35 31 36 31 21 34 23 28 38 34 0 34 24 36 46 24 27 25 38 29 27 34 32 23 31 28 44 27 42 41 34 39 44 37 33 31 28 41 24 23 43 41 47 24 32 32 
24 29 33 28 30 40 30 34 21 42 33 30 26 24 25 38 28 26 23 25 30 24 30 39 31 20 35 38 35 34 41 29 29 30 29 21 30 30 37 30 27 34 30 32 44 25 24 34 24 36 42 36 27 29 30 35 0 32 26 38 31 36 33 44 42 34 33 22 32 17 38 34 42 50 35 33 50 40 44 26 34 36 27 34 32 40 39 38 34 18 19 
24 28 30 25 30 36 33 30 25 41 26 34 20 22 31 36 28 33 28 28 36 25 25 42 27 29 27 39 34 38 34 29 37 24 37 33 35 31 42 18 32 37 18 23 44 34 31 34 30 24 32 24 26 38 32 24 33 0 35 45 21 24 22 36 30 24 32 31 21 30 27 43 31 37 39 32 39 42 34 32 29 24 40 22 19 41 38 46 22 32 31 
24 28 32 27 29 40 30 35 21 44 32 28 25 26 27 40 30 24 21 28 28 27 29 38 29 19 34 37 33 37 41 28 25 29 32 23 27 28 34 30 31 31 30 31 43 28 20 33 20 36 41 36 24 24 27 35 24 32 0 33 29 36 32 42 42 33 31 17 32 19 39 29 43 49 32 31 51 37 42 21 33 35 30 34 30 38 37 33 34 18 19 
25 29 33 28 30 40 32 36 22 45 33 29 26 27 29 41 31 25 21 29 30 28 30 39 30 21 35 37 34 39 41 26 27 30 34 25 25 26 32 31 32 29 31 31 41 30 17 33 18 37 42 37 23 26 25 36 26 33 23 0 30 37 33 43 43 34 29 19 33 21 39 30 44 50 30 29 52 35 43 19 34 36 32 35 31 36 38 33 35 21 21 
23 27 29 24 30 36 32 31 24 42 24 33 20 24 30 38 29 32 27 29 35 26 23 41 25 28 27 38 32 39 32 26 36 22 36 32 34 29 41 22 32 35 22 20 42 34 30 32 29 28 32 27 23 37 30 27 33 24 34 43 0 27 23 34 33 23 30 31 23 30 30 42 34 38 37 30 42 40 31 30 26 23 40 25 19 39 36 44 25 31 31 
24 27 30 24 30 36 32 30 25 40 26 33 20 22 30 36 27 32 28 27 35 25 25 42 27 28 27 39 33 38 34 29 36 24 36 32 35 32 42 18 31 38 18 23 44 34 30 34 30 24 32 23 26 37 33 23 33 20 35 45 21 0 22 36 28 24 32 31 19 30 25 42 30 38 39 32 37 42 34 32 29 24 40 20 19 41 39 46 21 31 31 
25 29 31 25 31 37 33 31 26 42 26 34 21 24 31 38 29 33 28 29 36 26 25 43 27 29 27 40 34 39 35 29 37 25 38 33 35 32 42 21 33 38 21 23 45 35 31 35 30 27 30 27 26 38 33 26 35 23 36 45 22 27 0 36 33 25 33 32 23 31 29 43 34 38 40 33 42 43 35 32 29 25 41 25 20 42 39 47 25 32 32 
22 26 28 23 28 35 31 30 23 41 22 32 19 23 29 37 28 30 26 28 33 25 21 39 23 26 26 37 30 37 31 24 34 20 35 31 32 27 39 21 31 33 21 20 40 33 28 30 27 28 32 27 21 35 28 27 32 24 33 41 19 27 23 0 33 23 28 29 23 29 30 40 34 38 35 28 42 38 32 28 24 24 39 25 20 37 34 42 25 29 29 
25 28 31 25 31 37 33 31 26 41 27 34 21 23 31 37 28 33 29 28 36 26 27 43 29 29 28 40 34 39 36 31 37 26 37 33 36 33 43 17 32 39 21 25 46 35 31 36 31 23 34 22 28 38 34 22 34 24 36 46 23 26 25 38 0 27 34 32 22 31 26 43 28 42 41 34 38 44 37 33 31 28 41 23 23 43 40 47 23 32 32 
25 29 31 25 31 37 33 32 26 43 25 34 21 24 31 38 30 33 28 30 36 27 24 42 26 29 28 40 33 40 33 28 37 23 38 33 35 31 42 21 34 37 21 22 43 35 31 33 30 27 32 26 25 38 32 26 35 23 36 45 19 26 22 35 32 0 31 32 22 31 29 43 33 37 38 31 41 41 31 31 26 22 41 24 18 40 38 46 24 32 32 
24 28 29 25 28 37 30 33 22 43 27 28 22 24 28 38 29 26 22 28 29 27 24 35 24 22 31 35 28 37 36 20 30 23 33 26 28 23 35 26 31 29 26 25 36 29 24 26 23 32 36 32 17 31 24 31 29 29 29 37 23 32 27 36 37 27 0 25 28 25 34 36 39 43 30 21 46 32 36 24 28 29 36 30 24 31 32 38 30 25 25 
25 30 33 28 30 41 32 36 22 45 33 29 26 27 29 41 31 25 22 29 30 28 30 39 30 21 35 38 34 38 41 27 27 30 33 24 28 27 34 31 32 31 31 32 42 30 20 34 20 37 42 37 24 26 27 36 26 33 23 34 30 37 33 43 43 34 31 0 33 21 40 29 44 50 32 31 52 36 43 21 34 36 31 35 31 38 38 33 35 17 21 
24 28 30 25 31 36 32 30 25 40 26 34 20 22 31 36 28 33 28 28 36 25 25 43 27 29 27 40 34 38 35 29 37 24 37 33 35 32 42 18 32 38 18 23 45 34 31 35 30 24 32 23 26 38 33 23 33 21 35 45 22 23 23 36 29 25 33 31 0 30 25 43 30 38 40 33 37 43 34 32 29 24 40 20 20 42 39 47 20 31 31 
26 30 35 29 32 42 31 36 23 44 34 31 28 26 27 40 29 27 24 27 31 26 32 41 33 21 37 40 36 35 43 31 29 32 30 24 30 31 37 31 29 35 31 34 46 27 25 36 24 37 44 37 28 29 31 37 23 34 27 39 32 38 35 45 43 36 34 21 34 0 40 34 44 52 36 34 52 40 46 27 36 38 26 35 33 41 40 39 36 18 20 
25 29 32 26 32 37 34 31 26 42 28 35 22 23 32 37 29 34 29 29 37 26 27 44 29 30 29 41 35 39 36 31 38 27 38 34 36 34 43 18 33 40 20 25 47 35 32 37 31 24 34 23 28 39 35 23 35 23 36 46 24 25 25 39 28 27 35 33 20 31 0 44 30 40 41 35 38 45 36 33 31 27 41 22 22 44 41 48 22 33 33 
25 29 32 27 29 40 31 35 22 45 32 29 26 27 28 41 31 25 21 29 30 28 29 38 30 20 35 37 34 38 41 27 27 29 33 24 27 27 33 30 32 30 30 31 42 29 19 33 20 37 42 36 24 25 26 36 25 33 22 33 30 37 33 42 42 34 30 17 33 20 39 0 43 49 31 30 51 36 43 20 33 35 31 35 31 37 37 32 35 18 20 
26 30 32 26 32 38 34 32 27 42 28 36 22 24 33 38 29 35 30 30 37 27 28 44 30 30 29 41 36 40 37 32 38 27 38 35 37 35 44 18 34 41 22 26 47 36 32 37 32 22 35 24 29 40 36 21 35 25 37 47 25 28 26 39 28 29 35 33 23 32 27 45 0 43 42 35 38 45 38 34 32 29 42 24 24 44 42 48 24 33 33 
24 28 30 24 30 36 32 30 25 41 24 33 20 23 30 37 28 32 27 28 35 25 23 41 25 28 27 39 32 38 33 27 36 22 37 32 34 30 41 19 32 36 19 21 42 34 30 32 29 26 30 25 24 37 31 25 34 22 35 44 19 25 21 34 31 22 30 31 21 30 27 42 32 0 37 30 39 41 32 30 27 22 40 23 17 39 37 45 23 31 31 
25 30 33 28 30 41 32 36 23 46 32 29 26 27 29 41 32 26 22 30 31 28 28 36 29 22 35 38 33 39 40 23 29 27 35 26 26 23 32 30 33 28 31 29 38 31 20 29 21 37 41 36 20 29 22 36 29 33 26 34 28 36 32 41 42 32 25 21 32 24 39 32 43 47 0 25 51 30 41 20 30 33 34 34 29 32 35 35 34 23 24 
24 29 30 25 28 38 31 33 22 43 28 29 22 25 29 39 30 27 22 29 30 27 24 35 25 23 32 36 29 38 36 21 31 23 34 27 29 24 35 27 32 29 27 25 36 30 24 25 24 33 37 33 17 32 24 32 30 29 29 37 24 32 28 37 38 28 21 25 29 26 35 36 39 43 29 0 47 32 37 24 27 30 36 30 25 30 31 38 30 26 26 
25 29 31 26 32 37 33 31 26 41 27 35 21 23 32 37 29 34 29 29 37 26 27 44 29 30 29 41 35 39 36 31 38 27 38 34 36 34 43 17 33 40 21 25 46 35 32 37 31 23 34 23 28 39 35 23 34 24 36 46 24 26 25 39 27 28 34 32 21 31 25 44 29 41 41 34 0 45 37 33 31 27 41 22 22 44 41 48 23 32 32 
25 30 32 28 30 41 32 36 23 46 30 30 25 28 30 42 32 27 22 30 31 29 27 36 28 23 34 38 32 39 39 23 30 26 35 27 27 23 34 29 33 28 29 28 38 31 22 27 23 36 40 35 19 31 23 35 30 32 28 36 27 35 31 40 41 31 24 24 31 25 38 34 42 46 28 23 50 0 40 22 29 32 36 33 28 30 33 37 33 25 25 
24 28 30 25 31 37 33 32 25 43 24 34 21 25 31 39 30 33 28 30 36 27 23 41 25 28 28 39 32 40 33 27 37 22 37 33 34 29 41 23 33 35 24 22 42 35 30 30 29 30 34 29 24 38 30 29 34 26 35 44 20 29 25 33 35 25 29 31 25 31 32 42 36 40 37 29 44 39 0 30 24 25 41 27 21 38 36 45 27 31 31 
26 31 34 29 31 42 33 37 24 47 34 31 27 28 30 42 33 27 23 31 32 30 31 39 32 23 37 39 35 40 43 26 29 30 36 26 26 26 33 32 34 30 32 32 41 32 19 33 20 38 43 38 22 28 25 38 28 35 25 33 31 38 34 44 44 35 29 20 35 23 41 31 45 50 29 28 53 34 44 0 34 36 33 36 32 35 39 34 36 22 23 
23 27 29 23 29 36 31 31 24 41 23 32 19 23 30 37 28 31 26 28 34 26 21 39 23 27 27 37 30 38 32 25 35 21 36 31 33 28 40 22 32 34 22 21 41 34 28 30 28 28 32 28 22 36 29 28 33 25 33 42 19 28 23 31 34 23 28 30 24 29 30 41 35 39 36 28 42 39 32 29 0 25 40 26 20 37 35 43 26 30 30 
25 29 31 26 31 37 33 32 26 42 25 35 21 24 32 38 29 33 29 30 36 27 24 42 26 29 28 40 33 40 34 28 37 23 38 34 36 31 43 21 34 37 21 22 43 36 31 33 31 27 32 26 25 39 32 26 35 23 36 45 20 26 22 35 32 23 31 32 22 32 29 43 33 37 38 31 41 42 32 32 27 0 42 24 18 41 38 46 24 32 32 
25 29 34 28 31 41 30 35 22 43 33 31 27 25 25 39 28 26 23 25 30 25 31 40 32 21 36 39 35 34 42 30 29 31 29 23 29 30 36 30 28 34 30 33 45 25 24 35 24 36 43 36 27 29 30 36 22 33 26 38 31 36 34 44 42 35 33 21 33 17 39 34 43 51 35 33 51 40 44 26 35 37 0 34 32 40 39 38 35 17 19 
25 29 32 26 32 37 34 31 26 42 26 35 22 24 32 38 29 34 29 29 37 26 25 43 27 30 29 41 34 39 35 29 38 25 38 34 36 32 43 19 33 38 19 23 45 35 32 35 32 25 33 24 26 39 33 24 35 22 36 46 22 24 23 36 29 25 33 33 19 31 26 44 30 38 40 33 37 43 34 33 29 24 41 0 20 42 39 47 20 33 33 
24 28 30 25 31 37 33 31 25 42 25 34 21 23 31 37 29 33 28 29 36 26 24 42 26 29 27 39 33 39 33 27 37 23 37 33 35 30 42 20 33 36 20 21 43 35 31 33 30 26 31 25 24 38 31 26 34 22 35 44 20 25 21 35 31 23 31 32 21 31 28 43 32 36 38 31 40 41 32 31 27 22 41 23 0 40 37 45 23 32 32 
25 30 31 26 30 39 32 34 24 45 29 30 24 26 30 40 31 28 23 30 31 29 26 36 26 24 33 37 30 39 37 22 31 25 35 28 28 24 35 28 33 29 28 27 37 31 23 26 24 34 38 34 18 32 24 33 31 30 29 37 25 34 29 38 39 29 22 25 30 26 36 35 41 45 29 22 48 31 38 23 28 31 37 32 26 0 32 38 32 26 26 
26 30 32 27 30 39 33 34 24 45 27 31 23 27 31 41 32 29 24 31 32 29 25 37 27 25 30 38 31 40 35 23 33 24 36 29 31 26 38 25 34 32 26 24 38 32 26 26 26 32 36 31 19 34 27 31 32 28 31 40 23 31 27 35 37 27 24 28 27 28 34 38 38 42 33 24 46 35 35 27 24 28 38 29 24 33 0 41 29 28 28 
26 30 33 28 30 41 32 36 23 46 33 30 27 28 29 42 32 26 22 30 31 29 30 39 31 21 36 38 35 39 42 26 28 30 34 25 26 26 32 31 33 29 31 32 41 30 18 33 19 38 43 37 22 26 25 37 26 34 23 32 31 38 34 43 44 34 29 18 34 21 40 30 44 50 30 29 52 34 44 19 34 36 32 36 32 36 38 0 36 20 21 
26 30 32 26 32 38 34 32 27 42 27 36 22 24 33 38 29 35 30 30 37 27 26 44 28 30 29 41 35 40 35 29 38 25 38 35 37 32 44 19 34 38 20 23 45 36 33 35 32 25 33 24 26 40 33 25 35 22 37 47 22 25 23 37 30 25 33 33 20 32 26 45 31 38 40 33 37 43 35 33 30 25 42 20 20 42 39 47 0 33 33 
26 31 34 30 32 42 32 37 23 46 35 31 28 27 28 41 31 26 24 28 31 28 32 41 32 21 37 39 36 37 43 30 29 31 32 24 30 30 37 33 30 34 33 33 45 28 23 35 23 39 44 39 27 28 30 38 25 35 26 36 32 39 35 45 45 36 33 18 35 18 41 31 45 52 35 33 53 39 45 24 36 38 28 37 33 40 40 36 37 0 20 
24 29 33 28 30 41 30 35 22 43 33 30 26 25 25 39 28 25 22 25 29 25 30 39 31 19 35 38 34 34 42 29 28 30 29 20 28 29 35 30 28 33 30 32 44 25 23 34 23 36 42 36 26 27 29 36 21 33 25 37 31 36 33 43 42 34 32 21 33 19 39 33 43 50 34 32 51 39 44 25 34 36 29 34 32 39 38 37 34 20 0 
