! Tipo tiempos viaje. Tipo m: matriz de tiempos, Tipo c: coordenadas (se supone tiempo=distancia euclidea)
m
! Num. estaciones, num. depositos, num. vehiculos
20 1 3
! Estaciones: capacidad, bicis buenas, bicis averiadas, objetivo bicis buenas, peso
26 13 0 13 1
28 1 0 14 1
18 8 0 9 1
14 7 0 7 1
20 20 0 10 1
20 8 0 10 1
16 2 0 8 1
20 2 0 10 1
18 18 0 9 1
32 3 0 16 1
18 9 0 9 1
18 13 0 9 1
20 10 0 10 1
20 20 0 10 1
16 7 0 8 1
26 2 0 13 1
21 19 0 10 1
30 15 0 15 1
20 17 0 10 1
20 16 0 10 1
! Depositos: num. bicis buenas
0
! Vehiculos: capacidades
20
20
20
! Tiempo carga/descarga, tiempo maximo
0 240
! Num. matrices de tiempos
1
! matriz de tiempos: filas primero estaciones, luego depositos
0 19 23 37 24 20 17 18 24 22 29 37 28 20 36 22 28 18 19 26 20 
22 0 23 37 23 20 18 18 23 21 28 37 28 19 35 22 27 17 18 26 20 
23 19 0 38 25 19 16 18 25 23 29 37 29 19 35 22 27 19 18 27 20 
22 19 24 0 24 21 18 17 22 22 29 36 27 20 36 20 28 18 19 24 19 
23 17 23 37 0 19 17 18 24 22 28 37 29 19 35 22 26 18 18 27 20 
23 20 22 38 25 0 16 18 25 23 30 37 29 20 35 22 27 19 18 27 20 
23 20 22 39 25 20 0 19 25 23 30 38 30 21 36 22 28 19 20 28 21 
24 20 26 37 26 23 20 0 23 24 30 35 27 22 38 19 30 20 21 26 17 
23 20 26 37 26 22 20 19 0 24 30 36 27 22 38 20 29 20 21 24 19 
24 18 24 39 23 20 18 19 25 0 28 38 30 18 36 23 27 17 19 28 21 
24 19 25 39 25 21 19 20 25 22 0 39 30 19 36 23 28 17 20 27 22 
27 24 30 41 30 26 24 23 27 28 34 0 30 26 40 19 30 24 25 30 22 
23 20 25 37 25 22 19 18 22 23 30 35 0 21 37 20 29 19 20 26 18 
24 19 24 39 24 21 19 20 26 22 29 39 30 0 36 23 28 18 19 28 22 
23 19 23 39 25 18 17 19 25 23 30 38 30 19 0 22 23 19 16 28 21 
30 26 31 44 32 26 25 25 29 30 36 34 32 26 38 0 29 26 24 33 24 
27 23 27 42 29 21 21 22 29 27 34 35 33 22 34 19 0 23 20 31 24 
25 20 25 40 25 22 20 21 26 23 26 40 31 20 37 24 29 0 20 28 23 
24 19 24 39 25 18 18 19 26 23 30 38 30 18 32 23 24 19 0 28 21 
24 21 26 37 26 23 20 19 22 24 30 38 29 22 38 22 30 20 21 0 21 
26 23 29 40 29 25 23 21 25 27 33 34 29 24 39 18 29 23 24 29 0 
