! Tipo tiempos viaje. Tipo m: matriz de tiempos, Tipo c: coordenadas (se supone tiempo=distancia euclidea)
m
! Num. estaciones, num. depositos, num. vehiculos
60 1 3
! Estaciones: capacidad, bicis buenas, bicis averiadas, objetivo bicis buenas, peso
20 20 0 10 1
16 14 0 8 1
32 3 0 16 1
20 19 0 10 1
17 9 0 8 1
28 2 0 14 1
20 8 0 10 1
20 8 0 10 1
18 8 0 9 1
20 16 0 10 1
12 8 0 6 1
30 15 0 15 1
40 21 0 20 1
16 11 0 8 1
25 6 0 12 1
18 8 0 9 1
26 13 0 13 1
16 1 0 8 1
16 16 0 8 1
16 1 0 8 1
24 17 0 12 1
20 7 0 10 1
14 7 0 7 1
20 16 0 10 1
26 2 0 13 1
20 20 0 10 1
26 22 0 13 1
10 5 0 5 1
17 4 0 8 1
20 20 0 10 1
16 6 0 8 1
21 19 0 10 1
18 16 0 9 1
29 19 0 14 1
20 6 0 10 1
20 14 0 10 1
20 16 0 10 1
24 14 0 12 1
30 20 0 15 1
24 3 0 12 1
20 6 0 10 1
20 1 0 10 1
18 16 0 9 1
20 13 0 10 1
26 3 0 13 1
24 7 0 12 1
15 15 0 7 1
18 13 0 9 1
20 15 0 10 1
16 5 0 8 1
18 13 0 9 1
20 5 0 10 1
20 12 0 10 1
26 1 0 13 1
40 7 0 20 1
18 6 0 9 1
20 15 0 10 1
20 8 0 10 1
20 3 0 10 1
20 5 0 10 1
! Depositos: num. bicis buenas
0
! Vehiculos: capacidades
20
20
20
! Tiempo carga/descarga, tiempo maximo
0 240
! Num. matrices de tiempos
1
! matriz de tiempos: filas primero estaciones, luego depositos
0 20 22 24 31 19 21 25 24 19 38 18 21 36 36 29 24 32 33 19 32 28 39 22 22 19 28 41 40 23 36 28 26 26 20 24 28 26 23 23 23 27 39 22 36 27 28 24 30 43 27 29 33 23 34 23 44 22 30 28 26 
16 0 23 25 30 20 20 22 25 18 39 19 22 35 35 30 25 32 31 19 31 27 40 19 21 20 28 39 40 22 34 27 27 27 21 23 29 27 22 22 21 26 40 19 37 27 25 22 31 41 25 30 34 24 33 22 42 23 28 29 27 
18 19 0 23 31 18 20 24 24 19 36 17 21 36 35 28 24 31 32 18 32 26 39 21 21 18 27 40 39 23 35 27 25 24 19 24 28 24 22 23 22 27 38 21 35 26 27 23 30 42 26 29 32 23 34 21 43 21 29 28 26 
19 20 22 0 30 17 19 24 23 18 38 18 21 35 36 28 23 32 31 17 31 28 37 20 20 19 27 39 40 21 34 26 24 26 18 23 27 26 23 22 21 26 37 20 36 27 26 22 29 41 25 27 31 22 32 23 42 20 28 27 26 
18 22 24 26 0 19 19 23 24 17 40 20 23 33 35 31 24 34 29 18 29 28 40 19 19 21 29 37 40 19 32 25 26 28 20 21 29 28 22 20 19 24 39 20 38 29 25 20 31 39 23 30 33 23 31 22 41 22 27 29 28 
19 19 21 23 31 0 20 24 23 18 37 17 21 35 36 28 22 31 32 18 32 27 37 21 21 19 26 40 40 22 35 27 23 25 18 23 26 26 22 22 22 27 37 21 36 26 27 23 28 42 26 27 30 22 33 22 43 20 29 26 26 
20 21 23 25 30 20 0 24 22 18 39 19 22 35 37 30 23 33 32 16 32 29 38 21 21 20 28 40 41 22 35 27 25 27 18 23 27 27 24 22 22 26 37 21 37 28 27 23 29 42 26 28 32 22 33 24 43 20 29 27 27 
18 20 24 26 29 20 19 0 25 18 38 20 23 34 33 31 25 34 31 19 30 25 40 17 20 21 30 38 38 21 34 26 27 26 20 22 29 26 20 21 20 25 39 17 36 29 23 21 31 39 24 30 34 24 32 20 42 22 28 29 28 
19 21 23 25 30 19 19 24 0 18 39 19 22 35 37 29 23 33 32 16 31 29 38 21 21 20 28 40 41 22 34 27 25 27 18 23 27 27 24 22 22 26 37 21 37 27 27 23 29 42 25 28 32 22 33 24 42 20 29 27 27 
18 22 23 25 29 19 18 23 24 0 39 19 23 32 35 30 24 33 30 18 29 28 39 19 18 21 29 38 40 20 32 24 26 27 19 20 28 28 22 19 20 24 38 19 38 28 25 20 30 40 23 29 33 23 30 22 40 21 26 28 28 
18 19 22 26 32 21 22 25 26 21 0 17 20 37 34 28 26 31 33 21 33 25 41 20 23 18 27 41 38 24 36 29 28 23 22 25 29 23 21 24 23 28 41 20 33 26 26 24 32 42 27 29 34 25 35 20 45 24 31 30 25 
20 20 23 25 32 20 22 26 25 20 38 0 21 37 36 26 25 32 34 20 33 28 40 22 23 19 27 42 40 24 37 29 26 26 21 25 28 26 23 24 24 28 40 23 36 26 28 25 31 44 28 28 32 24 35 23 45 23 31 28 26 
20 20 24 28 34 22 24 26 28 22 36 19 0 39 35 29 27 30 35 22 35 26 42 21 25 18 26 43 39 26 38 31 28 23 23 27 30 24 21 26 25 30 42 22 34 25 27 26 33 43 29 29 34 27 37 22 47 25 33 30 25 
19 22 23 25 29 19 18 23 23 16 39 19 23 0 36 30 23 33 30 17 30 28 39 20 17 21 29 39 41 20 31 23 25 27 19 21 28 28 23 20 20 25 38 20 38 28 26 20 30 40 23 29 32 22 30 23 39 21 26 28 28 
17 19 23 26 31 21 21 22 26 19 37 20 23 36 0 30 26 33 32 20 32 24 41 17 22 21 29 39 37 23 35 28 28 25 22 24 30 26 20 23 22 27 41 18 36 28 23 23 32 39 26 31 35 25 34 20 44 24 30 30 28 
19 20 22 25 32 19 21 25 25 20 37 17 21 36 36 0 24 31 33 19 33 27 39 22 22 19 26 41 40 23 36 28 25 25 20 24 27 26 23 23 23 28 39 22 36 26 28 24 30 43 27 27 32 23 34 23 44 22 30 28 25 
20 20 22 24 31 19 20 25 23 19 38 18 22 36 36 29 0 32 33 17 32 28 37 22 22 19 27 41 41 23 35 28 24 26 18 24 26 26 23 23 23 27 37 22 36 27 28 24 28 43 26 27 31 22 34 23 43 20 30 26 26 
21 21 24 28 34 22 24 26 28 23 37 19 23 39 35 29 27 0 36 22 35 26 42 21 25 17 26 43 39 26 39 31 28 23 23 27 29 23 20 26 26 30 42 21 34 25 27 27 33 42 29 29 34 26 37 21 47 25 33 29 25 
19 24 25 27 29 20 20 24 26 19 41 21 25 35 36 32 26 35 0 20 28 27 41 19 21 23 31 35 40 19 33 27 28 27 21 22 30 27 21 21 18 23 40 18 37 30 22 21 32 37 23 31 34 24 32 21 42 23 27 30 30 
21 22 23 25 32 20 20 25 22 20 39 19 23 36 38 30 23 33 33 0 33 29 39 22 22 21 29 41 42 23 36 28 25 27 19 24 28 28 25 23 23 28 38 22 38 28 28 24 30 43 27 29 32 22 34 24 44 21 30 28 28 
19 24 25 27 29 20 20 24 26 18 41 21 25 34 37 32 26 35 28 20 0 29 41 21 20 23 31 37 41 18 32 26 28 29 21 21 30 29 22 20 18 22 40 20 39 30 24 20 32 39 22 31 35 24 31 23 41 23 26 30 30 
19 19 23 27 32 22 22 24 27 21 37 19 23 38 32 30 27 33 34 21 33 0 42 18 24 20 29 40 35 24 37 29 29 24 23 25 31 24 18 24 24 28 42 18 34 27 24 25 33 39 27 31 36 26 35 18 45 25 31 31 27 
20 21 22 24 31 19 21 25 24 19 38 18 22 36 37 29 22 32 33 18 32 28 0 22 22 20 27 41 41 23 35 28 22 26 17 24 24 27 24 23 23 27 36 22 37 27 28 24 27 43 26 25 29 20 34 24 43 19 30 25 26 
19 21 24 28 31 22 21 22 27 20 39 21 25 36 32 32 27 34 33 21 32 24 42 0 22 22 30 38 37 23 36 28 29 25 22 24 31 25 18 23 22 27 41 16 35 28 22 24 33 38 26 32 36 26 34 19 44 24 30 31 28 
19 22 24 26 30 20 18 24 24 17 40 20 24 31 37 31 24 34 31 18 30 29 39 21 0 22 29 39 42 21 31 24 26 28 19 21 28 28 23 20 21 25 38 21 38 29 26 21 31 41 23 29 33 22 31 24 39 21 27 29 28 
21 21 25 28 34 23 25 27 28 23 37 20 23 40 35 29 27 31 36 22 36 26 42 21 26 0 26 43 39 26 39 32 28 22 23 28 29 22 21 27 26 31 43 21 33 25 27 27 33 43 30 28 33 27 37 21 47 25 33 29 24 
20 20 23 25 32 20 22 26 25 20 38 18 22 37 36 26 24 30 34 19 33 28 39 22 23 18 0 42 41 24 36 29 25 25 20 25 27 25 22 24 24 28 39 23 35 25 29 25 30 44 27 26 31 24 35 23 44 22 31 27 24 
22 25 28 30 32 23 23 26 28 21 43 24 28 38 37 35 28 37 31 23 30 28 44 20 23 25 33 0 40 20 35 29 30 28 24 24 33 28 21 23 19 23 43 19 38 31 23 22 35 37 24 34 37 27 33 22 44 26 28 33 31 
20 20 24 28 34 23 24 25 29 22 37 20 23 39 33 31 29 33 34 23 34 25 43 19 25 20 29 40 0 25 38 31 30 23 24 27 32 24 17 26 24 29 43 18 34 27 24 26 35 39 29 31 36 28 36 18 46 26 32 32 27 
21 25 27 29 31 22 21 25 27 19 43 23 26 35 38 33 27 36 31 21 31 29 42 21 20 24 32 36 41 0 32 26 29 28 22 20 31 29 22 19 17 21 41 20 39 31 24 19 33 38 20 32 36 25 29 22 41 24 24 31 31 
20 23 24 26 30 20 19 24 24 17 40 20 24 31 37 31 24 34 31 18 31 29 40 21 16 22 30 40 42 21 0 22 27 28 20 20 29 29 24 19 21 26 36 21 39 29 27 21 31 41 24 30 33 20 30 24 37 22 27 29 29 
22 25 27 29 33 23 21 27 27 20 43 23 26 34 39 34 27 37 34 21 33 32 42 23 18 24 32 42 44 22 30 0 29 31 22 19 31 31 26 20 23 27 35 24 41 32 29 21 33 44 24 32 36 19 31 26 36 24 26 31 31 
22 22 24 26 33 20 22 27 26 21 40 20 23 38 38 30 23 34 34 20 34 30 37 23 24 21 29 42 42 25 37 29 0 28 19 25 24 28 25 25 24 29 36 24 38 28 30 25 27 44 28 25 28 20 36 25 43 19 31 24 28 
21 21 24 28 34 23 24 26 29 23 37 19 23 40 34 30 28 32 36 23 35 25 43 20 25 19 28 42 38 26 39 31 29 0 24 27 30 21 19 26 26 30 43 20 31 25 26 27 34 41 29 29 35 28 37 20 47 26 33 30 25 
22 22 24 26 33 20 23 27 26 21 40 20 24 38 38 30 24 34 34 20 34 30 37 24 24 22 29 42 43 25 36 30 23 28 0 24 26 28 25 25 24 29 35 24 39 28 30 25 27 44 28 27 30 19 35 25 42 17 30 25 28 
20 24 25 27 31 21 20 25 25 18 41 21 25 32 38 32 25 35 32 19 32 30 41 22 17 23 31 40 43 21 28 23 27 29 21 0 30 30 25 18 22 25 37 22 40 30 28 20 32 42 23 31 34 21 29 25 37 23 26 30 30 
22 23 24 26 33 21 23 27 26 21 40 20 24 38 39 30 24 34 35 20 34 30 37 24 24 20 26 43 43 25 37 30 22 27 19 26 0 27 25 25 25 29 38 24 36 26 30 26 29 44 28 23 27 22 36 25 45 21 32 23 26 
22 22 26 30 36 25 26 27 30 24 39 21 25 41 35 32 30 33 36 25 36 26 45 21 27 20 29 41 39 27 40 33 31 22 26 29 32 0 19 28 25 31 45 20 32 26 25 28 36 41 30 31 36 29 39 20 48 28 34 32 26 
21 21 25 29 34 24 24 26 29 23 38 20 24 40 34 31 29 32 35 23 34 25 44 19 25 20 28 40 37 25 39 31 30 23 25 27 32 23 0 26 24 29 44 18 33 27 24 27 35 39 29 31 36 28 37 18 47 27 33 32 27 
21 24 26 28 32 22 20 26 26 19 42 22 26 33 39 33 26 36 32 20 32 31 41 23 17 24 31 40 43 20 29 23 28 30 21 18 30 30 25 0 21 24 38 23 41 31 27 18 33 42 21 31 35 22 28 26 38 23 24 31 30 
23 26 29 31 33 24 24 27 29 21 44 25 28 37 38 35 29 38 32 23 31 29 45 21 23 26 34 36 41 19 34 29 31 29 25 23 34 29 22 22 0 22 43 20 39 32 24 21 36 38 23 35 38 27 32 23 43 27 27 34 32 
23 27 29 30 33 24 23 27 29 21 44 24 28 37 39 35 29 38 32 23 32 30 44 22 22 26 34 37 42 18 33 28 31 29 24 22 33 30 23 21 17 0 42 21 40 33 25 19 35 39 20 34 38 26 30 23 42 26 24 33 33 
26 26 28 30 37 24 26 31 30 25 44 24 28 40 42 34 27 38 38 24 38 34 41 28 24 25 33 46 47 28 36 30 27 32 23 24 30 32 29 25 28 31 0 28 42 32 34 26 30 48 29 31 33 19 35 29 42 22 31 28 32 
22 24 28 31 34 25 24 25 30 23 42 24 28 40 36 35 30 36 34 24 34 27 45 19 25 24 32 39 40 24 39 31 32 27 25 27 34 27 21 26 23 27 44 0 37 30 23 27 36 38 27 35 39 29 37 21 47 27 31 34 30 
22 22 26 30 36 24 26 27 30 24 38 21 24 41 35 30 29 32 36 24 36 27 43 21 27 19 27 42 39 27 40 33 29 22 25 29 30 22 19 28 26 31 44 20 0 24 26 28 35 41 31 29 34 28 39 20 48 27 34 30 24 
22 22 25 27 35 22 24 28 28 22 39 20 24 39 37 28 27 31 36 22 36 28 41 23 25 18 25 43 41 26 39 31 27 24 22 27 27 24 21 26 26 31 42 22 33 0 27 27 32 43 30 27 32 26 37 22 47 24 33 28 22 
20 22 26 29 32 23 22 23 28 21 40 22 26 38 34 33 28 34 31 22 30 25 43 17 23 22 30 36 38 21 36 29 30 25 23 25 32 25 18 24 20 25 42 16 35 28 0 24 34 35 25 33 37 27 34 19 45 25 29 32 28 
21 25 27 29 31 22 21 25 27 19 43 23 26 34 38 33 27 36 31 21 31 30 42 22 19 24 32 38 43 19 30 25 29 31 22 19 31 31 25 19 19 22 39 22 41 31 26 0 33 40 20 32 36 23 27 25 39 24 23 31 31 
21 22 23 25 32 20 22 26 25 20 39 19 23 37 38 30 23 33 34 19 33 29 37 23 23 21 28 42 42 24 36 29 22 27 18 24 26 28 25 24 24 28 35 23 38 28 29 25 0 44 27 27 29 20 35 25 43 18 31 24 27 
22 23 27 30 33 24 24 25 29 22 41 23 27 38 35 34 29 36 32 23 31 27 44 18 24 23 32 36 39 21 37 30 31 26 25 25 33 26 20 24 20 25 44 18 36 29 21 24 36 0 25 34 38 28 34 20 46 27 29 34 29 
21 25 27 29 32 22 22 26 27 19 43 23 26 35 38 33 27 37 31 21 31 31 43 22 20 24 32 38 43 18 31 26 29 30 22 20 32 30 24 20 18 21 40 22 40 32 25 18 34 40 0 32 36 24 29 24 41 25 22 32 31 
23 23 25 27 34 21 23 28 27 22 41 21 24 39 39 29 25 33 35 21 35 31 38 24 25 20 26 43 43 26 38 30 23 26 20 27 23 27 24 26 25 30 39 25 36 25 30 26 30 45 29 0 27 23 37 25 46 22 32 23 25 
23 23 25 27 34 21 24 28 27 22 41 21 25 39 40 31 25 35 36 21 35 31 38 25 25 22 28 44 44 26 38 31 22 29 20 26 24 29 26 26 26 30 37 25 38 28 31 26 28 45 29 25 0 22 37 26 45 20 33 24 28 
26 28 30 32 37 26 26 31 31 24 46 26 30 38 44 36 30 40 38 25 37 36 44 28 23 28 35 46 49 27 34 29 29 34 25 22 33 35 31 24 27 30 34 28 45 35 34 25 32 48 28 34 36 0 34 31 39 24 29 31 34 
21 25 27 29 32 22 21 26 27 19 43 23 26 34 39 33 26 36 32 21 32 31 42 23 18 24 32 39 44 19 30 24 29 31 22 18 31 31 25 18 20 23 38 23 41 31 27 17 33 41 20 32 36 23 0 26 39 24 23 31 31 
22 22 26 30 35 25 25 26 30 24 39 22 25 40 35 32 30 34 35 24 34 25 45 19 26 22 30 40 37 25 39 32 32 24 26 28 33 24 18 27 24 29 45 18 35 28 24 27 36 40 29 32 37 29 38 0 48 28 33 33 28 
22 26 27 29 33 23 22 27 27 20 43 23 27 34 40 34 27 37 34 21 34 32 43 24 19 25 33 42 45 23 30 25 29 31 23 18 32 32 27 20 23 26 36 24 42 32 30 20 34 44 23 33 36 20 30 27 0 25 25 32 32 
24 25 27 29 36 23 25 29 29 24 43 23 26 39 41 33 26 36 37 23 37 32 40 26 23 24 31 45 45 27 35 29 25 31 21 23 29 31 28 24 27 30 34 26 41 31 32 25 29 47 28 30 32 18 34 28 41 0 29 27 31 
22 25 27 29 32 23 22 26 27 20 43 23 27 34 39 34 27 37 32 21 32 31 43 23 19 25 32 39 44 20 30 25 29 31 23 19 32 32 26 19 20 23 39 23 42 32 27 17 34 41 20 33 36 23 27 26 39 25 0 32 32 
23 24 25 27 34 22 24 28 27 22 41 21 25 39 40 32 25 35 36 21 35 31 39 25 25 23 30 44 44 26 38 31 23 29 20 27 26 30 27 26 26 30 38 25 40 29 31 27 28 46 29 27 29 22 37 26 45 20 33 0 29 
21 21 24 26 33 21 23 27 26 21 39 19 23 38 37 27 25 31 35 20 34 29 40 23 24 17 23 43 41 25 37 30 26 24 21 26 26 24 22 25 25 29 40 23 33 23 28 26 31 44 28 25 30 25 36 22 45 23 32 26 0 
