! Tipo tiempos viaje. Tipo m: matriz de tiempos, Tipo c: coordenadas (se supone tiempo=distancia euclidea)
m
! Num. estaciones, num. depositos, num. vehiculos
60 1 3
! Estaciones: capacidad, bicis buenas, bicis averiadas, objetivo bicis buenas, peso
38 20 0 19 1
23 11 0 11 1
27 24 0 13 1
18 2 0 9 1
27 4 0 13 1
35 14 0 17 1
40 38 0 20 1
23 0 0 11 1
23 0 0 11 1
36 2 0 18 1
35 17 0 17 1
24 3 0 12 1
18 18 0 9 1
24 14 0 12 1
20 15 0 10 1
20 15 0 10 1
16 2 0 8 1
18 18 0 9 1
35 30 0 17 1
25 25 0 12 1
29 10 0 14 1
23 9 0 11 1
27 7 0 13 1
20 0 0 10 1
23 10 0 11 1
22 15 0 11 1
17 7 0 8 1
20 10 0 10 1
18 18 0 9 1
10 4 0 5 1
12 3 0 6 1
24 17 0 12 1
20 17 0 10 1
20 14 0 10 1
26 11 0 13 1
30 21 0 15 1
20 20 0 10 1
20 6 0 10 1
18 14 0 9 1
14 2 0 7 1
20 14 0 10 1
24 14 0 12 1
26 4 0 13 1
28 0 0 14 1
17 10 0 8 1
14 4 0 7 1
24 19 0 12 1
19 19 0 9 1
16 7 0 8 1
29 18 0 14 1
24 4 0 12 1
25 0 0 12 1
16 16 0 8 1
15 5 0 7 1
24 7 0 12 1
24 21 0 12 1
20 10 0 10 1
31 20 0 15 1
40 5 0 20 1
24 5 0 12 1
! Depositos: num. bicis buenas
0
! Vehiculos: capacidades
20
20
20
! Tiempo carga/descarga, tiempo maximo
0 480
! Num. matrices de tiempos
1
! matriz de tiempos: filas primero estaciones, luego depositos
0 36 22 20 31 18 22 18 27 36 29 18 25 23 19 29 23 29 21 38 25 24 20 21 19 29 34 33 30 29 21 26 25 20 28 27 35 33 38 33 34 35 40 40 31 31 24 26 35 21 41 29 32 26 25 27 22 32 23 35 26 
28 0 22 20 32 18 23 17 27 37 30 17 25 24 20 30 24 29 20 38 26 25 21 21 20 29 33 33 30 30 22 26 24 19 29 27 35 33 38 34 34 34 40 40 31 30 25 27 35 21 41 28 33 26 26 27 22 33 24 36 26 
29 36 0 21 31 19 23 19 28 37 28 18 24 24 19 28 24 28 21 38 25 25 20 20 20 30 34 32 30 29 21 27 24 21 28 27 35 33 38 34 33 36 40 41 31 30 24 26 34 22 40 28 33 25 26 26 23 33 22 35 26 
29 36 23 0 31 18 21 16 28 38 30 18 26 24 18 30 24 30 21 37 24 25 21 22 19 30 34 34 29 31 21 25 25 20 29 27 34 32 38 34 35 35 39 41 29 31 26 26 36 21 42 29 31 27 26 28 22 32 24 34 25 
30 38 23 20 0 20 21 18 28 39 31 20 27 22 17 31 25 31 23 37 23 24 22 22 18 28 36 35 29 31 20 25 27 21 30 26 34 31 36 32 36 37 38 39 29 33 26 25 37 23 43 31 31 28 27 29 24 31 25 33 25 
29 36 23 20 32 0 23 17 28 38 30 17 26 24 20 30 24 29 20 38 26 25 21 22 20 30 32 34 30 31 22 26 24 18 29 28 34 33 39 34 35 33 40 41 30 30 26 27 34 19 41 27 32 26 26 28 20 34 24 36 25 
29 37 23 19 30 19 0 17 29 38 31 19 26 23 17 31 25 30 22 36 23 24 22 22 18 29 35 35 28 31 20 25 26 20 30 26 33 31 37 33 35 36 38 40 29 32 26 25 36 22 43 30 31 28 27 29 23 31 25 33 24 
30 37 23 19 31 18 22 0 29 39 31 18 27 24 19 31 25 30 21 37 25 26 22 22 19 30 34 34 29 31 22 25 25 20 30 27 33 32 38 34 36 35 39 42 29 31 26 26 35 21 41 29 31 26 27 29 22 33 25 35 25 
29 37 23 22 32 20 24 19 0 36 29 20 26 22 18 28 22 30 22 39 24 23 19 20 20 28 35 33 31 28 20 28 26 21 27 25 36 34 36 32 33 36 41 38 32 32 23 25 36 23 42 30 34 27 24 27 24 31 22 34 27 
31 38 23 23 34 21 26 21 28 0 28 20 25 25 21 28 24 29 22 41 26 25 19 20 22 30 37 33 33 28 23 29 25 23 27 28 38 36 39 34 33 37 43 41 34 31 23 28 36 23 42 29 36 27 24 26 24 34 22 37 29 
30 37 22 22 32 20 24 20 28 36 0 18 24 24 20 28 24 28 21 40 26 25 19 20 21 30 35 32 32 28 23 28 24 22 27 28 37 34 39 34 33 36 41 41 32 30 23 28 34 22 40 28 34 25 25 26 23 34 22 36 28 
30 37 22 21 33 18 24 18 29 38 29 0 25 25 21 29 25 27 19 39 27 26 21 21 21 31 34 32 31 30 23 27 23 20 29 29 35 34 40 35 34 34 41 42 31 29 25 28 33 20 39 27 33 24 27 27 21 34 23 37 26 
30 36 22 22 32 19 24 19 29 37 28 17 0 25 20 28 25 27 20 40 26 26 20 19 21 31 35 32 32 28 23 28 24 21 28 29 37 34 39 35 32 35 42 42 32 30 24 28 34 21 40 28 34 25 26 26 22 34 22 36 28 
30 38 23 21 31 20 23 19 27 38 30 20 27 0 17 29 23 31 23 38 22 22 20 21 18 27 36 34 30 30 19 26 27 22 28 24 35 33 35 31 35 37 39 38 31 33 24 23 37 23 43 31 33 28 25 28 24 30 23 32 26 
31 39 24 21 32 21 22 19 28 39 31 21 27 22 0 31 24 31 24 37 21 23 21 23 17 27 37 35 29 31 18 25 27 22 29 24 35 32 35 31 36 38 39 39 30 33 26 23 38 24 44 31 32 29 26 29 25 29 25 32 25 
31 38 23 23 33 21 25 21 29 37 28 19 24 25 21 0 25 27 21 41 27 26 18 18 22 30 36 31 33 26 23 29 24 23 26 29 38 35 39 35 31 36 42 41 33 29 22 28 34 22 40 28 35 25 24 24 23 34 20 37 29 
30 39 24 23 33 21 25 21 27 38 30 21 28 23 19 30 0 31 24 40 24 22 20 22 21 26 37 35 32 30 21 29 28 23 28 24 37 35 35 30 35 38 41 37 33 34 23 24 38 24 44 32 35 29 23 28 25 30 22 33 28 
31 38 23 23 34 20 25 20 30 38 29 17 24 26 21 27 26 0 20 40 27 27 20 19 22 32 35 30 32 28 24 28 22 21 27 30 37 36 41 36 32 34 43 43 33 28 23 29 32 20 38 26 35 23 26 25 21 35 21 37 28 
32 39 25 23 35 20 26 20 31 40 31 18 26 28 23 31 28 29 0 41 29 28 23 22 23 33 34 34 33 31 25 29 25 20 31 31 36 36 42 37 35 33 43 44 33 30 27 30 33 19 41 26 35 26 29 28 20 37 25 39 29 
32 39 25 22 33 21 23 19 31 41 33 21 29 24 18 33 27 33 24 0 23 26 24 25 16 30 36 37 27 33 19 23 28 21 32 25 34 30 36 33 38 37 37 41 27 34 28 24 38 24 44 32 29 29 29 31 25 30 27 32 22 
31 40 25 22 33 22 23 20 28 39 32 22 28 22 16 31 25 32 25 36 0 23 22 23 17 28 37 36 29 31 17 25 28 23 30 23 36 31 34 31 36 39 38 39 29 34 26 22 39 25 45 32 31 30 27 29 26 28 25 31 24 
31 39 24 23 33 21 24 21 28 39 31 21 28 23 18 31 22 32 24 39 23 0 21 23 20 25 37 36 32 31 20 28 28 23 29 23 36 34 34 30 36 38 40 37 32 34 24 23 38 24 44 32 34 29 24 29 25 29 23 32 27 
31 38 24 24 34 22 26 21 28 37 28 20 26 24 20 27 24 29 22 42 26 25 0 18 22 29 37 32 34 26 22 30 25 23 24 28 38 36 38 34 32 37 43 40 34 31 21 27 35 23 41 29 36 26 23 25 24 33 20 36 29 
32 39 24 24 34 22 26 22 29 38 29 19 25 26 22 26 26 28 22 42 28 27 18 0 23 31 37 30 34 26 24 30 23 23 25 29 39 36 40 35 30 36 43 42 34 29 21 29 34 22 39 28 36 24 23 23 24 35 20 38 30 
33 40 26 23 34 23 24 21 31 41 33 23 29 25 18 33 27 33 26 36 23 26 24 25 0 30 38 37 28 34 18 25 29 23 32 24 36 29 35 33 38 39 36 42 29 35 29 23 39 26 45 33 30 31 29 31 27 30 28 31 23 
31 40 25 24 34 22 25 21 28 39 32 22 28 24 19 31 22 32 25 40 24 22 22 23 21 0 37 36 33 31 21 29 29 24 29 24 37 34 35 30 36 39 40 37 33 34 25 23 39 25 45 33 35 30 24 29 26 29 23 33 27 
31 38 25 22 34 18 25 19 30 40 32 19 27 27 22 32 27 30 19 39 28 27 23 23 22 32 0 34 31 32 24 28 25 17 31 30 33 35 41 36 36 32 42 43 32 29 28 29 32 18 41 26 32 26 28 29 19 36 25 38 27 
33 40 25 25 36 22 28 22 32 40 31 20 26 28 23 28 28 28 22 43 30 29 21 19 24 33 37 0 35 28 26 31 23 23 27 32 39 38 42 38 30 36 45 44 35 28 22 31 34 22 38 27 37 23 25 23 23 37 19 40 31 
32 40 26 22 34 21 24 19 31 41 34 21 29 25 19 34 28 33 24 34 24 27 25 25 17 31 37 38 0 34 19 23 28 21 33 25 34 29 36 34 38 38 36 42 26 34 29 24 38 24 44 32 28 30 30 32 25 31 28 32 21 
33 40 25 25 35 23 27 23 30 39 30 21 26 27 23 28 27 29 23 43 28 27 19 18 24 32 38 31 35 0 25 31 24 24 25 30 40 38 41 36 31 37 45 43 36 30 21 30 35 24 40 29 37 25 24 24 25 36 19 39 31 
33 41 26 24 34 24 25 22 30 41 33 24 30 24 18 33 26 34 26 37 22 24 23 25 17 29 39 38 29 33 0 26 30 24 32 23 37 31 34 32 38 40 38 40 30 36 28 22 40 27 46 34 32 31 28 31 28 29 27 31 24 
33 41 27 23 35 22 25 20 33 42 35 22 31 26 20 35 29 34 25 36 25 28 26 26 19 32 38 39 28 35 21 0 29 22 34 27 33 31 38 35 40 38 38 43 27 35 30 26 39 24 46 32 29 31 31 33 25 32 29 34 24 
32 39 24 23 35 20 26 20 31 40 31 18 26 28 23 29 28 27 20 41 29 28 21 19 23 33 35 31 33 28 25 29 0 21 28 31 37 36 42 37 32 34 43 44 33 26 24 30 32 21 36 26 35 22 26 25 21 37 21 39 29 
32 39 26 23 35 20 25 20 32 41 34 20 29 27 22 33 28 31 20 39 28 29 25 24 22 33 33 36 31 34 24 27 26 0 33 30 33 35 41 37 37 33 42 44 32 31 29 29 34 19 42 27 32 27 30 30 20 36 26 37 27 
34 41 26 26 36 24 28 24 30 39 31 22 28 27 23 29 26 30 25 44 28 27 19 19 24 31 40 33 36 27 25 32 26 26 0 29 41 38 40 35 32 39 46 41 37 31 20 29 37 25 40 31 38 27 21 24 26 35 19 38 32 
33 41 26 24 35 24 25 22 30 41 33 24 30 24 18 33 24 34 27 39 23 23 24 25 19 27 39 38 31 33 19 27 30 24 31 0 37 32 33 30 38 40 38 38 31 36 27 21 40 27 46 34 33 31 27 31 28 27 26 31 25 
33 41 27 23 35 22 25 20 33 42 35 22 31 27 21 35 29 34 24 39 27 28 26 26 21 33 37 39 30 35 23 27 29 21 34 29 0 34 40 37 40 37 41 44 31 34 30 28 37 23 46 31 33 31 31 33 24 35 29 37 26 
34 42 27 24 35 23 26 21 32 43 35 23 31 26 20 35 29 35 26 36 25 27 26 27 18 32 39 39 28 36 19 25 31 24 34 26 36 0 37 35 40 40 35 43 28 36 30 23 40 26 47 34 29 32 31 33 27 30 29 31 21 
34 42 27 25 35 24 25 22 31 42 34 24 30 24 19 33 25 34 27 38 23 23 24 26 18 28 40 39 30 34 18 27 31 25 32 22 38 32 0 31 39 41 38 39 31 36 27 21 41 27 47 35 32 32 27 32 28 27 26 30 24 
32 41 26 24 35 23 25 22 29 40 33 23 29 24 18 32 23 33 26 40 24 22 23 24 20 26 39 37 32 32 20 28 30 25 30 23 38 34 34 0 37 40 40 36 33 36 25 23 40 26 46 34 34 31 25 30 27 28 24 32 27 
33 40 25 25 36 23 28 23 31 39 30 21 27 27 23 28 27 29 23 43 29 28 20 18 24 33 38 31 35 27 26 31 24 24 26 31 40 38 42 37 0 37 45 44 36 29 21 31 35 23 37 28 38 24 24 22 24 36 18 40 31 
32 40 26 24 36 20 27 20 32 41 33 19 28 28 23 32 28 30 19 41 30 29 24 24 24 34 33 35 33 33 26 29 25 19 32 32 35 37 42 38 36 0 44 44 34 29 28 31 32 17 41 25 34 26 30 29 18 37 25 39 29 
35 42 28 25 36 24 26 22 33 44 36 24 31 27 21 36 29 35 27 37 25 28 26 27 19 32 40 40 28 36 19 26 31 24 34 26 37 29 37 35 40 41 0 43 29 37 31 23 41 27 47 35 29 32 31 34 28 30 30 30 21 
32 41 26 25 35 23 26 22 29 40 33 23 29 24 19 32 23 33 26 41 25 23 22 24 21 26 38 37 33 32 21 29 30 24 30 24 38 35 35 29 37 40 41 0 34 35 25 24 40 26 46 34 35 31 25 30 27 29 24 33 28 
34 41 28 24 35 23 25 20 33 43 35 23 31 27 21 35 29 34 25 36 25 28 26 27 18 32 38 39 27 36 20 23 30 23 34 27 35 30 38 36 40 39 37 44 0 36 31 25 40 25 46 33 29 31 31 33 26 32 29 33 23 
33 40 25 24 36 21 27 21 32 41 32 19 26 29 24 30 28 28 20 42 30 29 22 20 24 34 34 31 34 29 26 30 21 20 28 32 36 37 43 38 32 34 44 45 34 0 24 31 31 20 37 25 36 22 27 25 20 38 21 40 30 
34 41 26 26 36 24 28 23 30 39 31 22 28 26 23 29 26 30 24 44 28 27 19 19 24 31 39 32 36 26 25 32 25 25 24 29 41 38 40 35 31 38 45 41 36 30 0 29 36 25 39 30 38 26 21 23 25 35 18 38 31 
34 42 27 25 35 25 26 23 31 42 34 25 31 25 19 34 25 35 27 38 23 24 25 26 19 28 40 39 30 34 18 27 31 25 32 22 38 31 33 31 39 41 37 40 30 37 28 0 41 28 47 35 31 32 28 32 29 26 27 29 23 
33 40 26 24 36 21 27 21 32 41 32 19 27 29 24 30 29 28 20 42 30 30 23 21 25 34 34 33 34 30 26 30 23 20 30 32 36 37 43 39 34 33 45 45 34 27 26 31 0 19 39 23 35 24 28 27 19 38 23 40 30 
33 41 27 25 37 21 28 21 33 42 34 20 29 29 25 32 29 30 20 42 31 30 25 23 25 35 34 35 34 32 27 30 25 20 32 33 36 38 43 39 36 32 45 45 35 29 28 32 31 0 41 25 35 26 30 29 17 38 25 40 30 
34 41 26 25 37 22 28 22 33 41 32 20 27 29 25 30 29 29 22 43 31 30 22 20 25 35 36 32 35 29 27 31 22 22 29 33 38 38 44 39 31 35 45 46 35 27 24 32 33 22 0 27 37 22 26 23 22 38 20 41 30 
34 41 26 25 37 21 28 21 33 42 33 20 28 29 25 31 29 29 20 43 31 30 24 22 25 35 34 34 34 32 27 31 24 20 31 33 36 38 44 39 35 33 45 46 35 28 27 32 31 19 40 0 36 25 29 28 18 38 24 41 30 
37 44 31 27 38 26 28 23 36 46 38 25 34 30 24 38 32 37 26 39 28 31 29 30 21 35 39 42 30 39 23 25 32 23 37 30 36 33 41 38 43 39 39 47 30 36 34 27 39 25 48 33 0 33 34 36 26 34 32 35 23 
33 40 26 24 36 22 27 21 32 41 32 19 27 29 24 30 29 28 21 42 30 30 22 20 25 34 36 31 34 30 26 30 22 22 29 32 38 37 43 39 32 35 45 45 35 27 24 31 32 21 35 26 36 0 27 24 22 38 21 40 30 
34 41 26 27 37 25 29 24 30 40 31 23 28 27 23 30 24 31 25 44 28 25 20 20 24 30 40 34 36 28 25 32 27 26 25 28 41 39 39 33 33 40 45 39 37 32 20 28 38 26 41 31 39 27 0 25 27 33 19 37 31 
34 41 26 26 37 24 28 24 32 40 31 21 27 29 24 29 29 29 24 44 30 29 21 20 25 34 38 32 36 29 27 32 24 24 28 32 40 39 43 38 30 37 46 45 37 29 23 32 35 24 36 29 39 24 25 0 24 38 17 40 32 
33 40 27 24 37 21 27 21 32 42 34 20 29 29 24 32 29 30 20 42 30 30 25 23 24 34 34 35 34 33 27 30 25 20 32 32 36 37 43 39 36 32 44 45 34 29 28 32 32 17 41 25 35 26 30 29 0 38 25 40 30 
34 43 28 25 36 25 26 23 31 42 35 25 31 25 19 34 25 35 28 40 25 24 25 26 21 28 40 39 33 34 20 29 31 26 32 23 39 34 34 30 39 42 40 38 33 37 28 23 42 28 48 35 35 33 27 32 29 0 26 32 27 
35 42 27 27 37 25 29 25 31 40 32 23 28 27 24 30 27 31 25 45 29 28 20 20 25 33 40 33 37 28 26 33 26 26 26 31 42 39 42 37 31 39 46 43 37 31 21 31 36 25 38 30 39 25 23 22 25 36 0 40 33 
34 43 28 25 36 25 26 23 31 42 35 25 31 25 19 34 28 35 28 38 23 26 25 26 18 31 40 39 30 34 17 27 31 26 33 25 38 30 36 34 39 42 36 42 30 37 29 22 42 28 48 35 31 33 30 33 29 29 28 0 23 
35 43 29 25 37 24 27 22 34 44 36 24 32 28 22 37 30 36 27 38 26 29 27 28 19 33 40 40 28 37 20 26 31 25 35 27 37 30 38 36 41 41 35 44 29 37 32 24 41 27 48 35 28 33 32 34 28 31 31 32 0 
