! Tipo tiempos viaje. Tipo m: matriz de tiempos, Tipo c: coordenadas (se supone tiempo=distancia euclidea)
m
! Num. estaciones, num. depositos, num. vehiculos
90 1 5
! Estaciones: capacidad, bicis buenas, bicis averiadas, objetivo bicis buenas, peso
30 14 0 15 1
14 14 0 7 1
20 17 0 10 1
40 15 0 20 1
18 2 0 9 1
20 20 0 10 1
25 4 0 12 1
26 17 0 13 1
20 19 0 10 1
27 13 0 13 1
20 1 0 10 1
20 20 0 10 1
25 23 0 12 1
22 14 0 11 1
25 13 0 12 1
24 18 0 12 1
20 15 0 10 1
10 4 0 5 1
15 15 0 7 1
28 4 0 14 1
20 17 0 10 1
16 11 0 8 1
20 9 0 10 1
15 15 0 7 1
16 12 0 8 1
20 9 0 10 1
20 14 0 10 1
38 2 0 19 1
24 4 0 12 1
20 5 0 10 1
23 11 0 11 1
26 0 0 13 1
27 10 0 13 1
20 12 0 10 1
40 13 0 20 1
30 6 0 15 1
24 4 0 12 1
18 3 0 9 1
25 15 0 12 1
23 8 0 11 1
24 11 0 12 1
20 4 0 10 1
15 4 0 7 1
20 0 0 10 1
18 2 0 9 1
25 4 0 12 1
25 9 0 12 1
40 38 0 20 1
20 10 0 10 1
18 18 0 9 1
23 7 0 11 1
40 21 0 20 1
15 15 0 7 1
24 5 0 12 1
24 24 0 12 1
20 5 0 10 1
12 9 0 6 1
26 5 0 13 1
20 2 0 10 1
17 17 0 8 1
24 3 0 12 1
25 25 0 12 1
36 5 0 18 1
17 17 0 8 1
24 5 0 12 1
26 3 0 13 1
21 21 0 10 1
20 20 0 10 1
20 5 0 10 1
20 3 0 10 1
36 8 0 18 1
20 20 0 10 1
20 10 0 10 1
17 17 0 8 1
24 1 0 12 1
20 19 0 10 1
35 15 0 17 1
24 13 0 12 1
20 19 0 10 1
32 7 0 16 1
14 12 0 7 1
27 10 0 13 1
24 24 0 12 1
25 10 0 12 1
25 23 0 12 1
24 9 0 12 1
20 7 0 10 1
40 40 0 20 1
40 7 0 20 1
20 8 0 10 1
! Depositos: num. bicis buenas
0
! Vehiculos: capacidades
20
20
20
20
20
! Tiempo carga/descarga, tiempo maximo
0 480
! Num. matrices de tiempos
1
! matriz de tiempos: filas primero estaciones, luego depositos
0 27 20 32 23 27 21 33 32 25 24 20 26 25 21 37 34 29 21 26 40 26 20 24 24 39 24 25 21 26 34 28 39 23 38 20 24 42 34 23 21 26 23 24 26 24 26 30 41 24 26 23 40 24 26 26 21 30 21 23 26 35 22 28 36 26 44 28 28 28 25 33 30 33 36 29 24 24 32 27 31 31 29 29 24 38 26 35 23 23 28 
18 0 21 33 24 27 23 33 33 26 26 21 26 24 22 38 35 29 21 25 41 27 19 25 24 38 24 26 22 27 33 27 41 25 39 21 23 43 36 22 22 27 23 25 25 25 27 30 42 24 27 25 41 25 27 26 23 31 22 22 27 37 23 28 37 26 45 27 29 29 24 34 31 34 37 30 25 25 34 29 32 32 30 30 26 39 27 35 24 22 29 
19 29 0 33 22 29 22 34 30 25 24 20 28 24 22 38 33 30 19 24 41 26 20 25 24 39 22 26 22 26 33 29 40 22 38 20 24 41 33 24 22 25 24 24 25 23 25 28 40 25 25 23 39 24 26 26 21 32 22 23 25 35 21 28 36 26 44 28 27 28 25 34 30 32 35 29 24 23 32 27 30 30 29 28 24 37 25 36 23 23 27 
18 28 20 0 23 28 21 32 32 25 24 19 27 26 21 36 34 28 21 26 39 26 21 23 25 40 23 24 19 25 35 29 39 23 37 20 24 41 34 24 20 25 22 24 26 24 25 29 40 23 26 23 40 23 25 27 21 30 20 24 26 35 22 29 36 27 44 29 27 28 25 32 29 33 35 29 24 23 32 27 30 30 29 28 24 38 26 34 23 24 27 
19 29 21 33 0 30 23 34 32 23 23 18 29 26 22 38 32 30 20 24 41 26 21 26 24 40 22 25 22 26 33 30 39 22 38 19 24 40 33 25 23 25 24 22 26 22 25 28 39 25 24 23 39 23 26 27 20 32 23 23 24 34 20 29 34 27 44 29 27 26 25 34 30 31 35 27 24 22 31 26 29 30 27 27 23 37 24 36 21 23 26 
18 27 22 33 25 0 23 34 33 27 26 21 25 24 23 38 36 29 21 25 42 28 18 25 23 38 23 26 22 27 33 26 41 24 39 22 22 43 35 21 22 27 24 26 24 25 27 29 42 25 27 25 42 25 27 25 23 31 22 22 26 37 22 27 38 25 46 26 29 30 23 34 31 34 37 31 26 25 34 29 32 32 31 30 26 38 27 36 25 22 29 
20 30 23 34 24 30 0 34 35 26 26 21 29 28 20 36 35 31 23 27 41 25 23 26 27 42 25 23 21 25 36 31 38 25 37 19 27 41 36 26 23 25 25 25 29 25 25 31 41 26 27 22 39 23 25 29 20 30 23 26 27 37 23 31 37 29 43 31 27 28 28 32 29 34 35 30 23 23 31 29 32 30 31 30 26 40 27 34 24 26 28 
19 28 22 32 24 28 22 0 34 26 25 21 28 26 22 35 35 28 22 27 39 27 21 23 26 40 24 25 20 26 35 29 40 24 38 21 25 42 35 24 20 26 22 25 27 25 26 31 41 23 27 24 41 24 27 28 22 29 20 24 27 36 23 29 37 27 45 29 28 29 26 32 30 34 37 30 25 24 33 28 32 31 30 30 25 39 27 34 24 24 29 
20 30 20 34 22 30 24 36 0 25 24 20 30 25 22 40 33 32 20 25 43 26 21 27 25 40 22 26 23 26 34 31 40 22 38 20 24 41 33 26 24 25 26 24 26 23 25 28 40 27 25 23 39 24 26 27 21 32 24 24 24 35 21 29 36 27 44 29 27 28 25 35 30 32 35 29 24 23 32 27 30 30 29 28 24 37 25 36 23 23 27 
20 31 20 35 23 31 24 36 31 0 23 20 30 25 21 40 32 32 20 24 43 25 21 27 24 39 21 25 24 25 33 30 39 21 37 19 23 39 32 25 24 24 26 22 25 22 24 27 39 27 24 22 38 23 25 26 20 31 24 22 23 34 20 28 34 26 43 28 26 26 24 34 29 31 34 27 23 22 31 26 29 29 27 27 23 36 24 35 21 22 26 
21 31 21 35 23 31 24 36 32 25 0 20 30 25 21 40 31 32 19 23 43 26 20 28 23 39 21 25 24 25 32 29 39 21 37 19 23 40 32 25 25 25 26 23 25 21 25 27 39 28 23 22 39 23 25 26 20 31 25 22 23 34 19 28 35 26 44 27 27 27 24 34 29 30 35 28 24 22 31 26 30 29 28 28 22 36 23 36 22 22 27 
20 30 21 34 21 30 23 35 33 24 23 0 29 27 22 39 33 31 21 25 42 26 22 26 25 40 22 26 23 26 34 31 40 22 38 20 25 41 33 26 23 25 25 23 26 23 25 29 39 26 25 23 40 24 26 27 20 32 23 24 25 34 21 29 35 27 45 29 27 27 26 35 30 32 35 28 25 22 32 26 30 30 28 28 23 37 25 37 22 24 27 
19 28 23 34 26 27 24 34 34 27 27 22 0 24 24 39 37 29 22 25 42 28 19 26 24 39 24 27 23 28 33 26 42 25 40 23 23 44 36 21 23 28 24 27 25 26 28 30 43 26 28 26 42 26 28 25 24 33 24 23 27 38 23 28 39 25 47 26 30 31 24 35 32 35 38 32 27 26 35 30 33 33 32 31 27 39 27 37 26 22 30 
22 30 23 37 25 29 26 37 32 28 27 23 28 0 25 41 35 33 20 23 45 29 18 28 22 37 22 29 25 29 32 28 43 23 41 23 21 44 34 23 25 28 27 27 23 24 28 28 43 28 26 26 43 27 29 24 24 34 25 21 25 38 21 26 38 24 48 26 30 31 22 37 33 33 38 31 28 26 35 30 33 33 31 31 25 37 26 39 26 21 30 
22 32 24 36 25 32 23 37 35 26 25 21 31 29 0 40 35 33 23 27 44 24 24 28 27 43 25 24 25 24 36 33 38 24 36 19 27 40 36 28 26 24 26 25 29 25 24 31 41 28 27 22 38 22 24 30 20 30 25 26 27 37 23 32 37 30 43 31 26 28 28 33 28 34 34 30 23 22 31 29 32 29 30 29 26 40 27 35 24 26 27 
20 30 22 32 25 30 23 32 34 27 26 21 29 28 22 0 36 29 23 28 38 27 22 24 27 42 25 23 19 27 37 30 41 25 37 21 26 43 36 25 22 27 23 26 28 26 27 31 42 24 28 25 41 24 26 29 23 30 22 26 28 37 24 31 38 29 45 30 29 30 27 33 30 35 37 31 25 25 34 29 33 32 31 30 26 40 28 34 25 26 29 
22 32 21 36 24 31 25 37 32 26 24 21 30 24 22 41 0 33 19 23 44 27 20 29 23 38 20 26 25 26 32 29 40 20 38 20 22 41 31 24 26 25 27 24 24 21 26 26 40 28 23 23 40 24 26 25 21 32 26 21 22 35 19 27 34 25 45 27 27 28 23 35 30 30 36 28 25 23 32 27 30 30 28 28 21 35 23 37 23 21 27 
23 32 26 36 28 32 26 36 37 30 29 24 29 29 26 40 39 0 26 30 41 31 24 23 29 44 28 28 22 30 38 31 44 28 41 25 28 46 39 25 20 30 21 29 30 29 30 34 45 25 31 28 45 26 30 29 26 29 20 28 31 40 27 33 41 29 48 29 32 33 29 32 34 38 40 34 25 28 37 32 36 35 34 33 29 43 31 34 28 27 32 
22 32 22 37 25 30 26 38 31 27 26 22 30 23 24 42 34 34 0 23 45 29 19 29 23 38 20 28 26 28 32 29 42 22 40 22 22 43 32 24 26 28 28 26 24 23 28 27 43 29 25 25 42 26 28 25 23 34 26 22 24 37 20 27 36 25 47 27 30 30 23 37 32 32 38 30 27 25 34 29 32 32 30 31 23 36 24 39 25 22 30 
22 31 22 37 25 30 26 37 31 28 26 22 29 22 25 42 35 33 19 0 45 29 18 29 22 37 22 28 26 28 32 28 42 23 41 22 21 43 33 23 26 28 27 26 23 24 28 28 43 29 26 26 42 26 29 24 23 35 26 21 25 37 21 26 38 24 47 26 30 30 22 37 33 33 38 31 27 26 34 29 33 33 31 31 25 37 25 39 25 21 30 
20 30 23 33 25 30 24 33 35 27 27 22 30 28 23 35 36 30 24 28 0 28 23 24 28 42 26 25 19 28 37 31 42 26 38 22 27 44 37 26 21 28 23 26 29 26 28 32 43 25 29 26 42 26 28 30 24 31 22 26 28 38 24 32 38 30 46 31 30 30 28 34 32 36 38 32 26 26 35 30 33 33 32 31 27 41 29 35 26 26 30 
22 32 24 36 25 32 23 37 35 26 25 21 31 29 20 40 35 33 23 27 43 0 24 27 27 43 25 23 23 23 36 33 37 24 35 18 27 40 36 28 25 24 25 25 28 25 24 31 41 28 27 22 38 21 23 30 20 29 24 26 27 36 23 32 37 30 41 31 26 28 28 32 27 34 34 30 21 22 31 28 32 29 30 29 26 39 27 33 24 26 27 
21 29 22 35 25 28 25 36 32 28 27 23 27 22 25 40 35 31 20 23 44 30 0 27 21 36 21 29 24 29 31 27 43 23 41 23 20 44 33 22 24 29 26 27 22 24 29 27 44 27 26 27 43 27 29 23 24 33 24 20 25 38 21 25 37 23 48 25 31 31 21 36 33 33 39 31 28 27 35 30 33 34 31 32 24 37 25 38 26 20 31 
23 33 26 36 28 33 26 36 38 30 29 25 31 31 26 38 39 28 27 31 40 31 26 0 30 45 29 26 20 31 40 33 45 28 40 25 29 47 40 27 18 31 20 29 31 29 31 35 46 26 31 29 45 25 29 31 26 28 19 29 31 41 27 34 41 31 46 32 33 33 30 31 33 38 41 34 24 29 37 32 36 36 34 34 30 44 31 32 28 29 33 
24 32 26 39 28 31 28 39 35 31 29 26 30 25 28 44 36 35 22 25 47 32 20 30 0 38 23 31 28 32 30 29 45 25 44 25 23 46 35 24 27 31 29 29 23 25 31 27 46 30 27 29 45 29 32 25 26 37 27 21 26 40 21 27 39 25 50 27 33 33 23 39 36 34 41 33 30 29 37 32 35 36 33 34 26 37 25 41 28 21 33 
21 29 23 36 26 28 25 36 32 29 27 23 27 22 25 40 34 32 19 22 44 29 17 27 21 0 21 29 25 29 30 26 43 22 41 23 20 44 33 22 24 28 26 27 22 23 28 27 43 27 25 26 43 27 29 23 24 33 24 19 24 38 20 25 37 23 48 24 30 31 21 36 33 32 38 30 28 26 35 30 32 33 30 31 24 36 24 38 25 19 30 
24 33 24 39 26 31 28 39 33 29 27 24 31 25 25 44 34 35 20 23 47 29 20 31 21 39 0 29 28 29 30 29 43 22 41 23 23 44 33 25 28 28 29 27 22 23 28 25 43 30 25 26 43 27 29 24 24 35 28 20 24 38 18 26 37 24 48 27 30 31 22 38 33 32 39 30 28 26 35 30 32 33 30 31 24 35 23 40 25 20 30 
22 32 24 34 26 32 23 35 36 27 27 23 31 30 22 37 37 31 25 29 39 25 25 23 29 44 26 0 20 24 38 32 37 26 32 20 28 41 37 27 21 23 21 26 30 27 26 32 42 27 29 23 38 20 22 31 21 25 20 27 28 38 24 33 39 31 40 32 26 29 29 28 26 36 33 32 20 23 30 30 33 29 32 30 27 41 29 30 26 27 29 
22 31 24 34 27 32 25 34 36 28 28 23 31 29 25 37 38 30 25 29 38 29 24 22 29 44 27 26 0 29 38 32 43 27 40 24 28 45 38 27 20 29 22 28 30 28 29 33 44 26 30 27 43 27 29 31 25 30 21 28 29 39 25 33 40 31 47 32 31 32 29 33 33 37 39 33 26 27 36 31 34 34 33 32 28 42 30 34 27 27 31 
22 32 24 36 25 32 23 37 35 26 25 21 31 29 20 40 35 33 23 27 42 23 24 26 27 43 25 21 22 0 36 33 36 24 34 18 27 40 36 28 23 23 23 25 29 25 24 31 41 29 27 22 38 20 22 30 20 28 22 26 27 36 23 32 37 30 40 31 26 28 28 30 26 34 33 30 20 22 30 28 32 29 30 29 26 40 27 32 24 26 27 
23 31 24 37 27 30 27 38 33 29 27 24 29 23 26 42 35 33 20 24 46 30 19 29 19 37 21 29 26 30 0 28 43 23 42 23 21 44 33 23 26 29 28 27 21 24 29 26 44 29 26 27 43 28 30 24 24 35 26 19 24 39 19 26 37 24 48 26 31 31 22 38 34 32 39 31 28 27 36 31 33 34 31 32 24 35 23 40 26 19 31 
21 30 25 36 28 29 26 36 34 29 29 24 27 24 25 41 36 31 21 24 44 30 19 28 23 38 23 29 25 30 32 0 44 24 42 24 22 46 35 20 24 30 26 29 24 25 30 29 45 28 27 28 44 28 30 22 26 34 25 21 26 40 22 26 39 22 49 23 32 33 22 37 34 34 40 32 29 28 37 32 34 35 32 33 26 38 26 38 27 21 32 
21 31 23 36 24 32 22 37 34 25 25 21 31 28 20 39 35 33 23 27 42 23 24 26 27 42 24 22 22 22 36 32 0 24 34 18 26 40 35 27 24 22 24 24 28 25 24 30 40 28 27 21 38 20 22 29 19 28 23 25 26 36 23 31 37 29 40 31 25 27 27 31 25 34 32 30 20 21 29 28 31 28 30 28 25 39 27 32 24 25 27 
23 32 23 37 25 31 26 38 32 27 25 22 30 25 24 43 32 34 19 23 46 28 20 30 23 39 20 27 26 27 32 29 41 0 39 21 23 42 31 25 27 27 28 25 24 20 27 27 41 30 21 24 41 25 27 26 22 33 27 22 23 35 19 27 33 25 46 27 29 28 24 36 31 28 37 26 26 23 33 27 29 31 27 29 20 35 23 38 21 22 29 
22 32 24 35 25 33 24 35 36 27 26 22 32 30 21 38 36 31 24 28 39 24 25 24 28 44 25 19 20 23 37 33 36 25 0 19 28 41 36 28 21 23 21 26 29 26 25 32 41 27 28 23 38 19 21 31 20 26 20 27 28 37 24 32 38 30 39 32 26 28 29 28 25 35 32 31 20 22 29 29 33 28 31 30 26 40 28 30 25 27 28 
24 34 25 38 26 34 25 40 37 28 27 23 34 30 22 42 37 36 25 29 46 27 26 30 29 44 26 26 27 26 38 35 40 26 38 0 28 40 37 30 28 23 28 25 30 27 21 32 40 31 29 19 37 24 26 31 18 31 27 28 29 35 25 33 36 31 44 33 24 25 29 35 29 36 33 29 24 20 29 27 30 27 29 27 24 41 29 36 23 27 26 
22 30 24 37 27 29 26 37 33 29 28 24 28 23 26 42 35 32 20 23 45 30 18 29 22 37 22 30 26 30 31 25 44 23 42 24 0 45 33 20 25 29 27 28 23 24 29 28 44 28 26 27 44 28 30 21 25 35 26 20 25 39 21 25 38 21 48 23 31 32 21 37 34 33 39 31 28 27 36 31 33 34 31 32 25 37 25 39 26 20 31 
23 33 23 36 24 33 24 38 35 26 25 21 32 28 21 41 35 34 23 27 45 25 24 29 27 42 24 25 25 25 36 33 39 24 37 19 26 0 35 28 26 24 27 22 28 25 22 30 37 29 27 20 38 23 25 29 17 31 26 26 27 33 23 31 34 29 43 31 25 25 27 34 29 34 34 27 23 20 31 25 29 28 27 27 22 39 27 35 21 25 24 
23 32 23 37 25 31 27 39 32 27 25 22 30 24 24 43 33 35 19 23 46 28 20 30 23 38 20 27 26 28 32 29 41 20 40 21 22 42 0 24 27 27 29 25 23 21 27 25 42 30 23 25 41 25 28 25 22 34 27 21 21 36 17 27 35 25 46 27 29 29 23 36 32 30 37 28 26 25 33 28 30 32 28 30 22 33 21 38 23 21 29 
21 30 25 36 27 28 26 36 34 29 29 24 27 25 25 41 37 31 22 25 44 30 20 27 23 38 23 29 25 30 33 25 44 25 42 24 22 46 35 0 24 30 26 28 24 25 30 29 45 27 28 28 44 28 30 23 26 34 25 22 26 40 23 27 39 23 48 24 32 32 22 37 34 35 40 33 28 28 37 32 35 35 33 33 26 38 27 38 27 22 32 
24 33 27 37 29 34 27 37 39 31 30 26 32 31 27 39 40 29 27 32 40 31 26 22 31 46 29 25 21 30 40 33 43 29 38 26 30 47 40 28 0 29 18 30 32 30 32 36 47 26 32 29 44 23 28 32 27 26 17 30 32 41 28 35 42 32 45 32 32 34 31 29 31 39 39 35 22 29 36 33 37 35 35 35 30 44 32 31 29 29 34 
24 34 25 38 26 34 25 39 36 27 27 23 33 30 22 42 36 35 25 28 43 26 26 28 28 44 26 23 24 25 38 35 39 26 36 18 28 41 37 30 25 0 25 26 30 26 24 32 41 30 29 20 35 21 23 31 19 29 24 27 28 36 24 33 36 31 41 33 23 26 29 32 26 36 30 29 21 20 26 27 31 25 29 28 25 41 29 34 23 27 28 
22 31 25 35 27 32 25 35 37 29 28 24 30 30 25 37 38 27 25 30 39 30 24 20 29 44 28 25 19 30 39 32 43 27 39 24 28 46 38 26 17 30 0 28 30 28 30 34 45 24 30 27 44 24 28 30 25 27 18 28 30 39 26 33 40 30 45 30 32 32 29 30 32 37 40 33 23 28 36 31 35 35 33 33 28 42 30 31 27 28 32 
23 33 24 37 25 33 25 38 35 26 24 21 33 29 22 42 35 34 23 27 45 27 24 29 27 43 24 26 26 26 36 33 40 24 38 20 27 38 35 29 26 26 28 0 28 25 23 31 37 29 27 21 40 24 26 30 18 32 27 26 27 32 23 31 33 29 45 31 26 25 28 35 30 33 35 26 25 20 32 24 27 28 26 25 21 39 27 37 20 26 24 
23 31 25 38 27 30 27 38 34 30 29 25 29 24 27 43 36 34 21 24 46 31 19 29 22 37 23 31 27 31 32 28 45 24 43 25 22 45 34 23 26 30 28 28 0 25 30 27 45 29 27 28 44 29 31 22 26 36 26 18 26 40 20 24 38 22 49 25 32 33 21 38 35 34 40 32 29 28 37 32 34 35 32 33 26 36 25 40 27 18 32 
24 33 24 38 26 32 27 39 33 28 26 23 31 25 24 43 33 35 20 24 46 29 21 31 24 39 21 28 27 28 33 30 42 20 40 22 23 43 32 25 28 28 29 26 25 0 28 27 42 30 21 25 42 26 28 26 23 34 28 23 23 36 19 28 34 26 47 28 29 29 24 37 32 28 38 27 27 24 34 28 29 32 27 29 21 36 23 39 22 23 29 
24 34 25 38 26 35 25 40 37 28 27 23 34 31 23 42 37 36 25 29 46 27 26 31 29 44 26 26 27 27 38 35 40 26 39 19 29 39 37 30 28 23 28 23 30 27 0 33 39 31 29 18 37 24 26 31 17 32 27 28 29 34 25 33 34 31 44 33 23 24 30 35 29 34 32 27 24 19 30 25 29 26 27 26 23 41 29 37 21 28 25 
24 33 24 39 27 32 28 40 33 28 27 24 31 25 25 44 34 35 20 24 47 29 21 31 21 39 21 29 28 29 30 30 43 22 41 23 23 44 31 25 28 28 30 27 22 22 28 0 43 31 24 26 42 27 29 24 24 35 28 19 22 38 17 25 36 23 47 26 30 31 22 38 33 30 38 30 27 26 35 30 32 33 30 31 23 33 21 39 25 19 30 
23 33 23 37 24 33 25 38 35 26 25 21 32 29 22 42 35 34 23 27 45 26 24 29 27 42 24 26 26 26 36 33 40 24 38 20 27 37 35 28 26 25 28 21 28 25 23 31 0 29 27 20 39 24 26 30 17 32 26 26 27 32 23 31 33 29 45 31 25 24 28 35 30 33 34 26 25 19 32 24 27 27 26 25 21 39 27 37 20 26 23 
24 33 27 37 29 33 27 37 39 31 30 25 32 31 27 40 40 30 27 32 42 31 26 23 31 45 29 25 23 30 40 34 43 29 39 26 30 47 40 29 19 30 20 30 32 30 31 36 46 0 32 29 45 24 28 32 27 27 18 29 32 41 28 34 42 32 45 34 33 34 31 30 32 39 40 35 23 29 36 33 37 35 35 35 30 44 32 31 29 29 33 
24 34 24 39 26 33 28 40 34 28 27 24 32 26 25 44 33 36 20 24 47 29 21 31 24 40 22 28 28 29 33 30 42 20 41 22 24 43 33 26 28 28 30 26 26 20 28 28 41 31 0 26 42 27 29 27 22 35 28 23 24 35 20 29 33 27 47 28 30 28 25 38 33 28 38 27 27 24 35 27 29 32 27 29 20 35 23 39 22 23 30 
24 34 25 38 26 34 25 39 36 27 26 22 33 30 22 42 36 35 24 28 46 26 25 30 28 44 26 26 27 26 37 34 40 25 38 20 28 37 37 30 27 25 28 22 30 26 22 32 38 30 28 0 39 24 26 31 16 32 27 27 28 33 24 33 34 31 44 32 25 24 29 35 30 34 34 27 24 19 32 25 29 27 27 26 22 41 28 36 21 27 24 
23 33 24 37 25 33 24 38 35 26 26 22 32 29 21 41 35 34 23 27 44 25 25 28 27 43 25 24 25 25 36 33 39 25 36 17 27 40 36 29 26 21 26 25 29 25 22 31 40 29 27 19 0 22 24 30 18 29 25 26 27 35 23 32 36 30 42 32 22 26 28 33 27 34 31 29 22 19 27 27 30 25 29 27 24 40 28 34 23 26 27 
24 34 26 37 27 34 25 37 37 28 27 23 33 31 22 40 37 31 25 29 41 25 26 25 29 45 26 22 22 24 38 35 37 26 34 20 29 42 37 30 21 23 21 27 30 27 26 33 43 29 29 23 38 0 21 32 22 25 20 28 29 38 25 34 39 31 39 33 26 29 30 28 24 36 32 32 18 22 29 30 34 28 32 31 27 41 29 30 26 28 29 
23 33 25 37 26 33 24 37 36 27 27 23 33 30 21 40 36 33 24 28 41 24 25 26 28 44 26 21 22 23 37 34 37 26 34 20 28 41 37 29 23 21 22 26 30 26 25 32 42 29 28 22 36 19 0 31 21 26 21 27 28 37 24 33 38 31 39 32 24 27 29 30 23 35 31 31 19 21 28 29 33 27 31 29 26 41 28 31 25 27 28 
24 32 25 38 28 31 28 39 35 31 30 26 29 25 28 43 37 33 22 25 47 32 20 30 23 38 23 31 27 32 33 26 45 25 44 25 20 46 35 21 27 31 28 29 22 26 31 29 46 30 28 29 45 30 32 0 26 36 27 20 27 41 22 25 39 20 50 22 33 33 20 39 36 35 41 33 30 29 38 33 35 36 33 34 26 38 26 41 28 19 33 
25 35 26 39 27 35 26 40 37 28 26 23 35 30 24 43 37 36 25 29 47 28 26 31 29 44 26 27 27 27 38 35 41 26 39 21 28 39 37 30 28 23 28 23 30 27 23 32 37 31 28 19 38 24 26 31 0 32 27 28 29 32 25 33 33 31 44 33 23 22 29 35 29 32 32 26 24 17 30 24 27 25 26 24 21 41 29 37 19 27 25 
22 32 25 35 27 32 25 35 37 29 28 24 31 30 24 37 38 29 26 30 39 27 25 22 30 44 28 21 19 26 39 33 39 27 35 22 29 44 39 28 19 25 19 28 31 28 28 34 44 26 30 26 40 19 24 32 23 0 18 28 30 40 26 33 40 31 41 32 28 31 30 26 27 37 35 33 18 25 32 31 35 31 33 33 29 43 30 27 27 28 31 
24 33 26 36 29 34 27 36 38 31 30 25 31 31 26 39 40 29 27 32 40 29 26 22 31 45 29 23 21 28 40 33 41 29 36 24 30 45 40 28 18 27 18 30 32 30 29 35 46 26 32 27 42 21 26 32 25 24 0 29 31 41 28 35 42 32 43 32 30 33 31 27 29 39 37 35 20 27 34 33 36 33 35 34 30 44 32 29 29 29 33 
25 34 27 40 29 32 29 40 35 31 30 27 31 26 28 45 37 36 22 26 48 32 21 32 24 40 24 32 29 32 33 30 46 25 44 25 23 46 34 25 29 31 30 29 22 26 31 27 46 31 28 29 45 30 32 23 27 38 29 0 26 41 20 25 39 23 50 25 33 33 21 40 36 33 41 33 30 29 38 33 35 36 33 34 26 35 24 42 28 16 33 
25 34 25 39 27 33 28 40 34 29 27 24 32 26 25 44 34 36 21 24 48 30 22 32 24 40 22 29 28 29 33 30 43 22 41 23 24 44 31 26 29 29 30 27 24 22 29 26 43 32 24 26 43 27 29 26 24 35 29 22 0 37 17 28 35 26 48 28 31 30 24 38 33 29 39 28 28 25 35 29 30 33 28 30 22 33 20 40 23 22 31 
23 33 23 36 24 33 26 38 35 26 23 21 32 28 24 42 34 34 22 26 45 28 23 29 26 42 24 27 25 28 35 32 41 24 40 21 26 39 35 28 26 25 27 22 28 24 24 30 36 29 26 21 40 25 28 29 17 34 26 25 26 0 22 31 30 29 46 31 25 22 27 36 31 30 34 23 26 19 32 21 25 27 23 23 19 39 26 38 17 25 25 
25 34 24 39 27 32 28 40 33 28 27 24 32 26 25 44 34 36 20 24 47 29 21 32 22 40 22 29 28 29 31 30 43 22 41 23 24 44 31 26 28 28 30 27 23 22 28 25 43 31 24 26 43 27 29 25 24 35 29 20 22 37 0 26 35 24 47 27 30 30 23 38 33 29 38 28 28 25 35 29 30 33 28 30 22 32 20 39 23 20 30 
23 32 25 38 28 30 27 38 34 30 29 25 29 24 27 43 36 34 21 24 46 31 19 30 22 38 23 31 27 31 32 27 45 24 43 25 21 46 34 23 27 30 28 29 20 25 30 27 45 29 27 28 45 29 31 21 26 36 27 18 26 40 20 0 39 20 49 23 32 33 19 38 35 33 40 32 30 28 37 32 34 35 32 33 26 36 24 40 27 18 32 
23 33 24 37 25 33 27 38 35 26 24 21 33 28 24 42 35 34 23 27 45 28 24 29 27 42 24 27 26 28 36 33 41 24 40 21 26 39 35 28 26 25 28 22 28 25 24 30 36 29 27 21 39 26 28 29 17 34 26 26 27 30 23 31 0 29 46 31 25 23 27 37 31 31 34 24 26 19 32 22 26 27 24 24 19 39 27 38 18 25 25 
23 32 25 38 28 31 28 39 34 31 29 26 29 24 28 43 36 33 22 25 47 32 20 30 23 38 23 31 27 32 33 26 45 25 44 25 20 46 35 22 27 31 29 29 22 25 31 29 46 30 27 29 45 29 32 20 26 36 27 19 26 40 22 24 39 0 50 22 33 33 19 39 36 34 41 33 30 29 37 32 35 36 33 34 26 37 26 41 28 19 33 
23 33 25 37 26 34 24 37 36 27 27 23 33 30 22 40 36 32 25 28 41 25 26 25 28 44 26 21 22 24 38 34 37 26 34 20 28 41 37 29 21 22 21 26 30 27 25 32 42 29 29 23 37 18 21 31 21 25 20 27 28 38 24 33 39 31 0 33 25 28 29 28 24 36 32 32 17 22 29 30 33 27 32 30 27 41 29 30 26 27 29 
24 32 26 39 29 31 28 39 35 32 30 26 29 25 28 43 37 33 22 25 47 32 20 30 24 39 24 32 27 32 33 26 46 25 44 26 21 47 36 21 27 31 28 30 24 26 31 30 46 30 28 29 46 30 32 21 27 36 27 21 27 41 23 26 40 21 51 0 33 34 21 39 36 35 41 33 31 29 38 33 35 36 33 34 27 39 27 41 28 20 33 
24 34 25 38 26 34 25 39 36 27 27 23 33 30 22 42 36 35 24 28 44 26 26 29 28 44 26 24 25 26 37 34 40 26 37 18 28 39 37 30 26 21 26 24 30 26 22 32 39 30 28 18 35 22 24 31 17 30 25 27 28 33 24 33 34 31 42 33 0 24 29 33 27 34 30 27 22 17 28 25 29 24 27 25 22 41 29 35 21 27 26 
24 34 25 38 26 35 28 39 36 27 25 23 34 30 25 43 36 35 24 28 46 30 25 31 28 44 26 29 27 29 37 34 43 25 41 23 28 41 36 30 28 26 29 24 29 26 26 32 38 30 28 23 41 27 29 31 19 35 28 27 28 31 24 33 32 31 48 32 26 0 29 38 32 32 36 25 28 20 33 23 27 28 25 23 20 40 28 40 19 27 26 
23 32 25 38 28 31 28 39 34 31 29 26 30 24 28 43 36 34 22 25 47 32 20 30 23 38 23 31 27 31 32 27 45 24 44 25 20 46 35 22 27 31 28 29 21 25 31 27 46 30 27 29 45 29 32 20 26 36 27 18 26 40 20 23 39 20 50 23 33 33 0 39 36 34 41 33 30 29 37 32 35 36 33 34 26 36 25 41 28 18 33 
23 33 26 36 28 33 26 36 38 30 29 25 32 31 25 38 39 30 26 31 39 28 26 23 30 45 28 22 20 27 40 34 40 28 36 23 29 45 39 29 19 26 19 29 31 29 29 35 45 27 31 26 42 21 25 32 24 24 18 29 31 40 27 34 41 32 42 33 30 32 30 0 28 38 36 34 19 26 33 32 36 32 34 34 29 43 31 26 28 29 32 
24 34 25 38 26 34 25 38 37 28 27 23 33 31 22 40 37 33 25 29 42 25 26 26 29 45 26 22 23 24 38 34 37 26 34 19 29 42 37 29 23 21 23 26 30 27 24 33 42 30 29 21 36 19 21 32 20 27 22 28 29 36 25 33 37 31 39 33 24 26 30 30 0 36 30 30 19 20 27 28 32 26 30 28 25 41 29 32 24 28 29 
26 35 26 40 28 34 29 41 35 29 27 25 33 28 26 45 35 37 22 26 48 31 23 33 26 42 23 30 29 30 35 32 44 21 42 24 26 42 34 27 30 28 31 26 26 22 27 28 40 32 22 24 43 28 30 28 20 36 30 24 25 34 19 30 32 28 49 30 28 26 26 39 34 0 38 25 29 22 35 26 27 30 25 27 19 34 22 41 20 23 28 
25 35 26 39 27 35 26 40 37 28 28 24 34 31 23 43 37 36 26 29 44 27 27 29 29 45 27 24 25 26 39 36 40 27 37 19 29 41 38 31 26 20 26 26 31 27 24 33 41 31 30 20 36 22 24 32 19 30 25 28 29 36 25 34 36 32 42 34 23 26 30 33 27 36 0 29 22 19 27 27 31 25 29 28 25 42 30 35 23 28 28 
27 37 27 40 28 35 30 42 36 30 28 25 35 29 28 46 36 38 23 27 49 32 24 33 27 43 25 31 29 31 36 33 45 23 44 25 27 43 36 29 30 29 32 26 29 24 27 31 40 33 24 24 43 29 32 30 21 37 30 26 27 34 22 32 32 30 50 31 28 26 28 40 35 28 38 0 30 22 36 24 26 30 21 25 17 37 25 42 18 26 29 
24 34 26 37 27 34 26 37 38 29 28 24 33 31 23 39 38 31 26 30 40 26 27 24 30 45 27 23 21 25 39 34 38 27 35 21 30 43 38 29 20 23 20 28 31 28 27 34 43 28 30 24 38 18 22 32 22 24 19 29 30 39 26 34 40 32 39 34 27 29 31 27 25 37 33 33 0 23 30 31 35 29 33 31 28 42 30 29 27 29 30 
25 35 26 40 27 36 27 41 38 29 27 24 35 31 24 43 37 37 26 29 46 28 27 30 30 45 27 26 26 28 39 36 41 27 38 20 29 40 38 31 27 22 27 24 31 28 24 33 38 32 29 19 37 23 25 32 17 31 26 28 29 33 25 34 33 32 43 34 22 23 30 34 28 33 31 26 23 0 29 24 28 23 26 25 22 42 29 36 20 28 26 
23 33 24 38 26 34 24 39 36 27 26 22 33 30 22 41 36 35 24 28 43 26 25 27 28 44 25 23 24 25 37 34 38 25 35 18 28 41 36 29 24 19 24 25 29 26 23 32 41 30 28 20 35 21 22 31 19 28 23 27 28 35 24 32 36 30 40 32 23 25 29 31 25 35 29 29 21 19 0 27 31 25 29 27 24 40 28 33 23 27 28 
23 33 24 37 25 34 27 38 35 26 24 22 33 29 24 42 35 34 23 27 45 29 24 30 27 43 25 28 26 28 36 33 42 24 40 22 27 40 35 29 27 26 28 23 28 25 25 31 37 29 27 22 40 26 28 30 18 34 27 26 27 30 23 32 31 30 47 31 25 23 28 37 32 31 35 24 27 20 33 0 26 28 23 22 19 39 27 39 17 26 25 
24 34 25 38 26 35 28 39 36 27 25 23 34 30 25 43 36 35 24 28 46 29 25 31 28 44 25 29 27 29 37 34 43 24 41 23 28 40 36 30 28 26 29 24 29 25 25 32 37 30 25 22 41 27 29 31 18 35 28 27 28 32 23 32 29 30 47 32 26 24 29 38 32 29 35 22 27 20 33 22 0 28 22 23 18 38 26 39 16 27 26 
24 34 26 39 27 35 26 40 37 28 27 23 34 31 23 42 37 36 25 29 45 27 26 29 29 45 27 25 25 27 38 35 40 26 37 19 29 40 37 30 26 21 26 24 30 27 23 33 38 31 29 19 36 22 24 32 17 30 25 28 29 33 25 34 34 32 42 33 21 23 30 33 27 34 30 27 22 17 28 25 28 0 27 25 22 41 29 35 21 28 26 
26 36 26 40 27 36 29 41 37 29 27 24 35 30 27 45 37 37 24 28 48 31 25 32 28 43 25 30 29 30 37 34 44 23 43 24 28 42 36 29 29 28 31 25 29 24 27 32 39 32 25 23 42 28 31 30 20 37 29 27 28 33 22 32 31 30 49 32 27 25 29 39 34 29 37 21 29 21 35 23 25 29 0 24 17 38 25 41 17 27 28 
25 35 25 38 26 35 28 40 37 28 26 23 34 30 26 44 36 36 25 28 47 30 26 31 28 44 26 29 28 30 38 35 43 26 42 23 28 41 37 30 28 26 30 24 30 26 26 32 38 31 28 23 42 27 30 31 19 36 28 27 28 32 24 33 32 31 48 33 27 23 29 38 33 32 36 24 28 21 33 21 26 28 23 0 20 41 28 40 17 27 27 
27 37 27 41 29 36 30 42 37 30 28 25 35 29 28 46 36 38 24 27 49 32 25 33 27 43 25 31 30 32 36 33 45 23 44 25 27 43 36 29 30 29 32 26 29 24 28 31 40 33 24 25 43 30 32 30 21 38 30 26 27 34 22 32 32 30 50 32 29 27 28 40 35 29 38 22 30 23 36 24 26 31 22 25 0 38 25 42 18 26 29 
26 35 26 41 28 34 30 42 35 30 29 26 33 27 27 46 36 38 22 26 49 31 23 33 24 41 23 30 30 31 33 32 44 23 43 24 26 45 33 27 30 30 32 28 24 24 30 26 43 33 25 28 44 29 31 26 24 37 30 22 24 38 17 28 35 26 49 29 32 30 24 40 35 29 40 29 29 26 37 30 31 34 29 31 22 0 19 41 24 22 32 
26 35 26 41 28 34 30 42 35 30 28 25 33 27 27 46 36 38 22 26 49 31 23 33 24 41 23 30 30 31 33 32 44 23 43 24 25 45 33 27 30 30 32 28 24 23 30 26 43 33 24 27 44 29 31 26 24 37 30 22 24 37 17 28 35 26 49 28 31 30 24 39 35 29 40 28 29 25 37 29 30 33 28 30 22 31 0 41 23 22 32 
24 33 26 36 29 34 27 36 38 31 30 25 33 31 25 39 40 30 27 32 40 28 26 24 31 46 29 23 21 27 41 34 41 29 36 24 30 45 40 29 20 27 20 30 32 30 29 35 46 28 32 27 42 21 26 33 25 24 19 30 31 41 28 35 42 33 43 34 30 33 31 25 29 39 37 35 20 27 34 33 36 33 35 34 30 44 32 0 29 30 32 
24 34 25 38 26 35 28 39 36 27 25 23 34 30 25 43 36 35 24 28 46 29 25 31 28 44 25 29 27 29 37 34 43 25 41 23 28 41 36 30 28 26 29 24 29 26 26 32 38 30 26 23 41 27 29 31 19 35 28 27 28 31 24 32 30 30 48 32 26 24 29 38 33 30 36 22 28 20 34 21 24 28 22 22 18 39 26 40 0 27 26 
26 34 26 41 29 33 30 41 35 31 29 26 32 27 28 45 37 37 22 26 49 32 22 32 23 40 23 31 29 32 32 29 45 25 44 25 23 46 34 25 29 31 31 29 22 25 31 27 46 32 27 29 45 29 32 23 26 38 29 19 25 40 19 26 39 23 50 25 33 33 21 40 36 33 41 32 30 29 37 32 35 36 33 34 26 35 24 42 27 0 33 
23 33 23 36 24 33 24 38 35 26 25 21 32 28 22 41 35 34 23 27 45 26 24 29 27 42 24 25 25 25 36 33 39 24 37 19 26 37 35 28 26 25 27 21 28 25 22 30 36 29 27 20 39 23 25 29 16 31 26 26 27 32 23 31 33 29 44 31 25 24 27 34 29 33 34 26 24 19 31 24 27 27 26 25 21 39 27 36 20 25 0 
