! Tipo tiempos viaje. Tipo m: matriz de tiempos, Tipo c: coordenadas (se supone tiempo=distancia euclidea)
m
! Num. estaciones, num. depositos, num. vehiculos
30 1 3
! Estaciones: capacidad, bicis buenas, bicis averiadas, objetivo bicis buenas, peso
38 22 0 19 1
23 13 0 11 1
27 25 0 13 1
18 3 0 9 1
27 6 0 13 1
35 15 0 17 1
40 38 0 20 1
23 2 0 11 1
23 0 0 11 1
36 0 0 18 1
35 16 0 17 1
24 3 0 12 1
18 18 0 9 1
24 13 0 12 1
20 18 0 10 1
20 13 0 10 1
16 2 0 8 1
18 17 0 9 1
35 29 0 17 1
25 22 0 12 1
29 4 0 14 1
23 8 0 11 1
27 7 0 13 1
20 2 0 10 1
23 7 0 11 1
22 15 0 11 1
17 9 0 8 1
20 11 0 10 1
18 18 0 9 1
12 5 0 6 1
! Depositos: num. bicis buenas
0
! Vehiculos: capacidades
20
20
20
! Tiempo carga/descarga, tiempo maximo
0 480
! Num. matrices de tiempos
1
! matriz de tiempos: filas primero estaciones, luego depositos
0 36 22 20 31 18 22 18 27 36 29 18 25 23 19 29 23 29 21 38 25 24 20 21 19 29 34 33 30 21 29 
28 0 22 20 32 18 23 17 27 37 30 17 25 24 20 30 24 29 20 38 26 25 21 21 20 29 33 33 30 22 30 
29 36 0 21 31 19 23 19 28 37 28 18 24 24 19 28 24 28 21 38 25 25 20 20 20 30 34 32 30 21 29 
29 36 23 0 31 18 21 16 28 38 30 18 26 24 18 30 24 30 21 37 24 25 21 22 19 30 34 34 29 21 31 
30 38 23 20 0 20 21 18 28 39 31 20 27 22 17 31 25 31 23 37 23 24 22 22 18 28 36 35 29 20 31 
29 36 23 20 32 0 23 17 28 38 30 17 26 24 20 30 24 29 20 38 26 25 21 22 20 30 32 34 30 22 31 
29 37 23 19 30 19 0 17 29 38 31 19 26 23 17 31 25 30 22 36 23 24 22 22 18 29 35 35 28 20 31 
30 37 23 19 31 18 22 0 29 39 31 18 27 24 19 31 25 30 21 37 25 26 22 22 19 30 34 34 29 22 31 
29 37 23 22 32 20 24 19 0 36 29 20 26 22 18 28 22 30 22 39 24 23 19 20 20 28 35 33 31 20 28 
31 38 23 23 34 21 26 21 28 0 28 20 25 25 21 28 24 29 22 41 26 25 19 20 22 30 37 33 33 23 28 
30 37 22 22 32 20 24 20 28 36 0 18 24 24 20 28 24 28 21 40 26 25 19 20 21 30 35 32 32 23 28 
30 37 22 21 33 18 24 18 29 38 29 0 25 25 21 29 25 27 19 39 27 26 21 21 21 31 34 32 31 23 30 
30 36 22 22 32 19 24 19 29 37 28 17 0 25 20 28 25 27 20 40 26 26 20 19 21 31 35 32 32 23 28 
30 38 23 21 31 20 23 19 27 38 30 20 27 0 17 29 23 31 23 38 22 22 20 21 18 27 36 34 30 19 30 
31 39 24 21 32 21 22 19 28 39 31 21 27 22 0 31 24 31 24 37 21 23 21 23 17 27 37 35 29 18 31 
31 38 23 23 33 21 25 21 29 37 28 19 24 25 21 0 25 27 21 41 27 26 18 18 22 30 36 31 33 23 26 
30 39 24 23 33 21 25 21 27 38 30 21 28 23 19 30 0 31 24 40 24 22 20 22 21 26 37 35 32 21 30 
31 38 23 23 34 20 25 20 30 38 29 17 24 26 21 27 26 0 20 40 27 27 20 19 22 32 35 30 32 24 28 
32 39 25 23 35 20 26 20 31 40 31 18 26 28 23 31 28 29 0 41 29 28 23 22 23 33 34 34 33 25 31 
32 39 25 22 33 21 23 19 31 41 33 21 29 24 18 33 27 33 24 0 23 26 24 25 16 30 36 37 27 19 33 
31 40 25 22 33 22 23 20 28 39 32 22 28 22 16 31 25 32 25 36 0 23 22 23 17 28 37 36 29 17 31 
31 39 24 23 33 21 24 21 28 39 31 21 28 23 18 31 22 32 24 39 23 0 21 23 20 25 37 36 32 20 31 
31 38 24 24 34 22 26 21 28 37 28 20 26 24 20 27 24 29 22 42 26 25 0 18 22 29 37 32 34 22 26 
32 39 24 24 34 22 26 22 29 38 29 19 25 26 22 26 26 28 22 42 28 27 18 0 23 31 37 30 34 24 26 
33 40 26 23 34 23 24 21 31 41 33 23 29 25 18 33 27 33 26 36 23 26 24 25 0 30 38 37 28 18 34 
31 40 25 24 34 22 25 21 28 39 32 22 28 24 19 31 22 32 25 40 24 22 22 23 21 0 37 36 33 21 31 
31 38 25 22 34 18 25 19 30 40 32 19 27 27 22 32 27 30 19 39 28 27 23 23 22 32 0 34 31 24 32 
33 40 25 25 36 22 28 22 32 40 31 20 26 28 23 28 28 28 22 43 30 29 21 19 24 33 37 0 35 26 28 
32 40 26 22 34 21 24 19 31 41 34 21 29 25 19 34 28 33 24 34 24 27 25 25 17 31 37 38 0 19 34 
33 41 26 24 34 24 25 22 30 41 33 24 30 24 18 33 26 34 26 37 22 24 23 25 17 29 39 38 29 0 33 
33 40 25 25 35 23 27 23 30 39 30 21 26 27 23 28 27 29 23 43 28 27 19 18 24 32 38 31 35 25 0 
