! Tipo tiempos viaje. Tipo m: matriz de tiempos, Tipo c: coordenadas (se supone tiempo=distancia euclidea)
m
! Num. estaciones, num. depositos, num. vehiculos
60 1 5
! Estaciones: capacidad, bicis buenas, bicis averiadas, objetivo bicis buenas, peso
17 9 0 8 1
16 16 0 8 1
18 18 0 9 1
10 10 0 5 1
40 22 0 20 1
24 17 0 12 1
17 10 0 8 1
18 18 0 9 1
40 26 0 20 1
25 24 0 12 1
29 13 0 14 1
20 5 0 10 1
20 20 0 10 1
23 9 0 11 1
26 4 0 13 1
23 6 0 11 1
26 0 0 13 1
20 3 0 10 1
20 9 0 10 1
40 36 0 20 1
23 0 0 11 1
25 5 0 12 1
27 3 0 13 1
18 2 0 9 1
25 8 0 12 1
12 3 0 6 1
29 10 0 14 1
20 14 0 10 1
35 14 0 17 1
16 15 0 8 1
17 6 0 8 1
24 4 0 12 1
40 33 0 20 1
26 1 0 13 1
20 0 0 10 1
18 14 0 9 1
20 11 0 10 1
24 19 0 12 1
38 20 0 19 1
17 12 0 8 1
23 11 0 11 1
24 12 0 12 1
15 15 0 7 1
19 19 0 9 1
17 7 0 8 1
24 10 0 12 1
26 11 0 13 1
18 13 0 9 1
23 6 0 11 1
18 12 0 9 1
27 8 0 13 1
26 2 0 13 1
27 24 0 13 1
35 29 0 17 1
18 4 0 9 1
23 0 0 11 1
30 20 0 15 1
24 3 0 12 1
26 14 0 13 1
20 4 0 10 1
! Depositos: num. bicis buenas
0
! Vehiculos: capacidades
20
20
20
20
20
! Tiempo carga/descarga, tiempo maximo
0 240
! Num. matrices de tiempos
1
! matriz de tiempos: filas primero estaciones, luego depositos
0 29 27 23 23 23 21 27 33 36 21 30 35 18 37 28 30 24 31 25 20 24 35 24 36 20 25 21 23 31 29 33 22 34 45 35 23 33 34 34 41 27 22 25 38 29 32 38 33 32 27 28 28 25 35 33 27 23 30 24 33 
30 0 30 21 23 25 19 27 30 39 23 33 36 21 39 31 30 21 31 28 23 21 38 27 35 23 28 24 26 28 29 35 24 35 42 35 23 33 37 34 44 30 22 27 39 28 33 41 33 35 29 28 31 26 36 36 30 25 32 26 33 
26 28 0 22 21 23 20 25 32 34 20 29 34 17 36 27 29 22 30 24 19 23 34 22 35 19 24 19 21 29 28 32 21 33 43 34 21 32 32 33 40 25 21 24 37 29 31 36 32 31 25 27 26 24 34 31 25 21 29 23 32 
29 27 28 0 22 25 17 25 28 37 21 32 36 20 37 30 28 19 28 27 22 19 37 25 35 22 27 22 24 26 27 33 22 33 40 33 22 31 35 32 43 28 20 26 38 27 31 39 31 33 27 26 29 26 33 35 29 24 31 25 30 
29 28 28 22 0 26 21 25 32 38 20 30 37 19 35 29 29 23 29 27 22 23 37 25 38 20 26 22 24 30 28 32 21 33 44 34 25 32 35 33 43 28 21 24 40 30 31 38 32 31 25 27 29 27 34 34 27 24 29 23 32 
27 29 28 23 24 0 21 28 32 36 23 31 33 19 38 28 32 23 32 25 20 23 35 23 34 21 25 20 22 30 31 34 23 36 44 37 22 34 33 36 41 26 24 26 38 27 33 38 35 34 28 30 27 25 36 33 27 22 31 25 34 
29 27 29 19 22 25 0 24 29 38 21 31 36 20 37 30 27 20 27 27 22 20 37 25 35 21 27 22 24 27 26 33 21 31 41 32 23 29 36 30 43 28 19 25 39 28 30 39 29 32 26 24 29 26 32 35 28 24 29 24 29 
28 28 28 22 22 26 20 0 32 37 20 31 37 20 36 29 28 22 29 26 22 23 36 25 38 21 27 22 24 29 27 32 22 33 43 33 24 31 35 32 42 28 20 25 40 30 31 39 31 32 26 26 29 27 34 34 28 24 30 24 31 
30 28 29 19 23 26 17 25 0 38 22 32 37 21 38 30 28 19 29 28 23 18 38 26 36 23 28 23 25 26 27 34 22 33 40 33 23 31 36 32 44 29 20 27 39 28 31 40 31 33 28 26 30 27 34 35 29 25 31 26 31 
27 29 27 23 22 23 21 27 33 0 21 30 34 16 37 26 30 23 31 23 19 24 33 22 35 19 23 18 21 31 29 32 22 34 44 35 21 33 32 34 39 24 22 24 36 29 32 36 33 32 26 28 25 24 35 31 25 21 30 23 33 
29 28 28 22 22 26 20 25 32 38 0 31 37 20 36 30 28 22 29 27 22 23 37 25 38 21 27 22 24 30 27 33 22 33 43 33 25 31 35 32 43 28 20 25 40 30 32 39 31 32 26 26 29 27 34 35 28 24 30 24 31 
28 29 28 23 21 25 21 25 33 36 19 0 36 18 35 27 28 23 30 26 21 23 35 24 37 19 25 20 23 30 28 31 20 32 44 34 24 32 34 33 42 26 21 23 39 30 30 37 32 30 25 27 27 26 33 32 26 23 28 22 32 
31 33 30 27 26 27 25 30 37 39 25 34 0 21 41 28 34 27 35 25 20 27 35 23 32 23 27 21 22 34 33 37 26 38 48 39 21 37 33 38 41 27 26 28 37 27 36 40 37 36 30 32 27 24 39 33 29 22 34 27 37 
29 30 28 24 23 25 22 27 34 36 20 29 36 0 36 26 28 24 30 24 21 25 34 23 37 18 23 18 23 31 29 31 20 32 45 35 23 33 33 34 40 25 22 23 38 31 30 35 33 30 25 28 26 26 33 31 24 23 28 22 32 
29 29 28 23 21 26 21 25 33 37 18 29 37 19 0 28 27 23 30 26 22 24 36 25 38 19 25 21 24 30 28 30 19 31 44 34 24 32 35 33 42 27 21 23 40 31 29 37 32 29 24 27 28 27 32 33 26 24 27 22 31 
32 34 32 28 27 28 26 31 38 39 24 34 36 20 40 0 30 28 32 24 21 29 33 23 38 20 23 18 21 35 33 32 22 34 49 36 23 37 31 38 39 23 25 23 37 32 32 34 36 32 25 32 24 24 35 28 23 21 30 21 34 
33 33 32 24 26 30 21 28 33 41 23 33 41 21 39 29 0 23 24 29 26 24 38 28 41 20 26 22 27 30 25 31 17 28 44 30 28 32 37 33 45 28 18 24 43 33 26 38 29 28 22 27 30 30 29 34 27 28 25 21 26 
31 30 31 21 25 27 18 26 30 40 24 34 39 22 39 32 29 0 30 29 25 20 39 28 38 24 29 25 27 25 28 36 23 34 39 34 25 32 38 33 45 31 21 28 41 30 32 42 32 34 29 27 32 29 35 37 31 27 32 27 32 
34 32 34 24 27 30 21 29 33 43 26 35 42 24 42 32 26 23 0 32 27 24 41 30 41 23 29 25 29 30 24 34 20 28 44 29 28 31 40 32 48 30 17 26 44 33 26 41 28 30 25 26 33 31 28 37 30 29 26 23 28 
29 31 28 25 24 25 23 28 35 36 22 31 33 18 38 24 31 25 33 0 17 25 30 19 34 20 23 17 19 32 31 33 23 35 46 37 20 35 29 36 37 23 24 25 35 29 33 37 35 33 27 30 23 22 36 29 26 19 31 24 35 
29 31 29 25 25 25 23 29 35 37 23 32 33 19 39 26 32 25 33 22 0 26 31 19 34 22 25 19 18 33 31 35 24 36 47 37 20 35 30 36 37 24 24 26 34 29 34 38 35 34 29 30 23 21 37 29 27 18 32 26 35 
32 30 32 22 25 28 19 28 30 41 25 35 39 23 40 33 30 21 31 30 25 0 40 28 38 25 30 26 27 23 30 37 25 35 37 36 26 33 39 34 46 32 23 29 42 31 34 43 33 36 30 28 33 29 36 38 32 27 33 28 33 
29 31 29 25 25 25 24 29 35 37 23 31 34 18 38 24 31 26 33 21 18 26 0 20 35 20 23 17 20 33 32 33 23 35 47 37 21 35 30 36 38 22 25 25 36 29 32 36 35 33 27 30 23 23 36 28 26 20 30 24 34 
29 31 29 25 25 25 24 29 35 37 23 32 34 19 39 25 32 26 33 21 16 26 31 0 35 21 24 18 18 33 32 34 24 36 47 38 20 35 29 36 36 24 25 26 34 29 34 38 35 34 28 30 23 21 37 28 27 18 32 25 35 
32 31 32 25 27 26 23 31 34 40 26 35 32 22 42 29 34 25 35 26 21 25 36 24 0 25 28 22 22 32 33 38 27 39 46 39 19 37 35 38 42 28 26 30 35 25 37 41 37 37 32 32 29 23 40 34 31 23 35 29 37 
30 32 29 26 24 26 24 28 36 37 22 31 37 17 38 24 28 26 30 25 22 27 34 24 38 0 22 18 24 33 31 31 20 32 47 34 24 35 33 36 41 24 23 22 39 32 30 34 34 30 24 30 26 26 33 30 23 24 28 21 32 
29 31 29 25 24 25 23 28 35 36 22 31 36 17 38 23 28 26 30 23 20 26 33 22 37 17 0 16 22 33 31 31 20 32 47 35 23 35 31 36 40 22 24 22 37 31 30 34 34 30 24 30 25 25 33 28 23 22 28 21 32 
30 32 29 26 25 25 24 29 35 37 23 32 35 17 39 23 29 26 31 22 19 26 32 21 36 18 21 0 21 33 32 32 21 33 47 36 22 36 31 37 39 22 25 23 37 30 31 35 35 31 25 31 24 24 34 28 24 21 29 22 33 
30 32 30 26 25 26 24 30 36 38 24 33 34 20 40 25 33 26 34 23 17 27 32 20 35 22 26 20 0 34 32 36 25 37 48 38 18 36 29 37 36 24 25 27 32 28 35 39 36 35 29 31 23 20 38 28 28 17 33 26 36 
33 31 33 23 26 29 20 28 31 42 25 36 41 24 41 34 31 20 32 31 27 18 41 30 40 26 31 27 29 0 30 38 25 36 36 36 27 34 40 35 47 33 23 30 43 32 34 44 34 36 31 29 34 30 37 39 33 29 34 29 34 
33 32 33 23 26 29 20 28 32 42 25 35 41 23 41 31 25 22 25 31 27 23 41 30 40 22 28 24 29 29 0 33 19 30 43 28 27 30 39 32 47 30 15 26 43 32 28 41 26 30 25 26 33 30 30 36 30 29 28 23 27 
30 31 30 25 23 27 23 27 35 38 20 30 38 18 36 26 26 25 27 26 23 25 36 25 39 17 23 19 25 32 28 0 17 30 46 32 26 34 34 35 43 25 21 22 40 32 27 36 31 28 22 29 28 28 30 31 25 25 25 20 29 
31 32 31 25 24 29 22 28 34 40 22 32 40 20 38 28 24 24 25 28 24 25 37 27 41 19 25 21 26 32 26 30 0 28 45 30 27 33 36 34 44 27 19 22 42 34 26 37 29 26 21 28 29 29 29 33 26 26 24 20 27 
33 34 33 26 27 31 23 30 35 42 24 34 42 22 40 30 24 25 25 30 27 26 39 29 43 21 27 23 28 32 27 32 18 0 46 28 29 33 38 35 46 29 20 24 44 35 25 39 27 28 23 29 31 31 26 35 28 28 25 22 28 
34 32 33 23 27 30 20 29 32 42 26 36 41 25 42 35 31 21 32 32 27 19 42 30 40 26 32 27 29 22 31 38 26 36 0 37 27 34 40 35 48 33 24 30 43 32 35 44 34 37 31 29 34 31 37 40 33 29 34 29 34 
35 34 35 26 29 32 22 31 35 44 26 36 43 24 42 32 27 25 26 32 29 25 42 31 42 23 29 25 31 32 25 34 20 28 46 0 29 33 40 34 48 31 18 27 45 34 26 41 25 30 26 28 34 33 28 37 30 31 27 24 30 
32 32 31 26 27 27 24 31 36 39 26 35 33 22 42 29 35 26 35 25 20 27 35 23 33 24 28 22 20 33 34 37 27 39 47 40 0 38 32 39 39 27 27 29 33 27 37 41 38 37 31 33 26 20 40 32 30 20 35 28 37 
32 31 32 22 26 29 19 27 31 41 24 35 40 23 40 33 29 21 29 30 26 22 40 29 39 25 30 26 28 29 28 37 23 33 42 34 26 0 39 29 46 32 21 29 42 31 32 43 31 34 28 21 33 30 34 38 32 28 31 27 31 
31 32 30 26 26 26 25 30 36 38 24 33 35 19 40 24 33 27 34 22 18 27 31 20 36 21 25 19 18 34 33 35 24 37 48 39 20 37 0 38 36 23 26 26 34 30 34 38 37 35 28 32 22 21 37 27 27 18 32 25 36 
31 30 31 22 25 28 18 27 31 40 24 34 39 23 40 32 28 21 28 29 25 21 39 28 38 24 29 25 27 28 27 36 22 32 42 33 25 27 38 0 45 31 20 28 41 30 31 42 31 33 28 22 32 29 33 37 31 27 31 26 30 
31 33 30 26 26 26 25 30 36 38 25 33 35 20 40 25 33 27 34 23 17 27 32 20 36 22 26 20 18 34 33 36 25 37 48 39 19 37 28 38 0 24 26 27 33 29 35 38 37 35 29 32 22 20 38 27 27 17 33 26 36 
31 33 30 27 26 26 25 30 37 38 24 33 35 18 39 22 30 27 32 23 19 27 31 21 36 19 22 17 20 34 32 32 22 34 48 36 22 37 30 38 38 0 25 23 36 31 32 35 36 32 26 32 23 23 35 27 24 20 30 23 33 
33 32 33 23 27 30 20 28 33 42 26 36 41 24 41 32 26 22 26 31 27 23 41 30 40 23 29 25 29 30 24 34 20 30 44 29 27 31 40 32 47 31 0 27 43 32 29 42 27 31 26 26 34 31 31 37 31 29 29 24 28 
30 31 30 25 23 27 23 27 35 38 21 31 38 19 37 24 27 25 29 26 23 26 35 25 39 18 23 19 25 32 29 29 19 31 46 33 25 34 34 35 42 25 22 0 40 33 29 33 33 29 22 29 27 27 32 31 22 25 27 19 31 
32 32 31 26 27 28 24 31 36 39 26 35 33 22 42 27 35 26 36 25 19 27 34 22 33 24 28 22 18 34 34 38 27 39 47 40 17 38 31 39 38 27 27 29 0 27 37 41 38 37 31 33 25 19 40 30 30 19 35 28 38 
30 29 31 23 26 24 21 29 33 39 25 34 33 22 41 30 32 23 33 26 22 23 36 25 31 24 28 23 21 30 31 37 26 37 44 37 18 35 34 36 41 28 24 29 35 0 35 41 35 37 31 30 28 22 38 33 30 22 34 28 35 
33 34 33 27 26 31 23 30 36 41 24 34 41 22 40 30 25 26 25 30 26 26 39 29 43 21 27 23 28 33 27 32 18 26 47 29 29 34 38 35 46 28 20 24 44 35 0 39 28 28 23 29 31 31 27 35 28 28 24 21 28 
31 32 30 26 24 27 24 28 36 38 22 32 38 18 38 23 28 26 30 25 22 27 35 25 39 18 23 19 24 33 30 30 20 32 47 34 25 35 34 36 42 24 23 21 40 33 30 0 34 30 23 30 27 27 33 31 22 24 28 20 31 
36 34 35 26 29 32 22 31 35 44 26 36 43 24 42 32 27 25 27 32 29 26 42 31 42 23 29 25 31 32 25 34 20 28 46 27 29 33 40 34 48 31 18 27 45 34 27 42 0 30 26 28 34 33 28 37 30 31 27 24 30 
32 32 31 26 25 29 23 29 35 40 22 32 40 20 38 28 25 25 26 28 25 26 37 27 41 19 25 21 26 32 27 30 16 28 46 31 27 34 36 35 44 27 20 22 42 34 26 37 30 0 21 29 29 29 29 33 26 26 24 19 28 
31 32 31 26 24 29 24 28 36 39 22 32 40 20 38 25 27 26 29 27 24 27 37 26 41 19 24 20 26 33 29 29 19 31 47 33 27 35 35 36 44 26 22 20 41 34 29 34 33 29 0 30 29 29 32 32 23 26 27 18 31 
32 31 32 22 26 28 19 27 31 41 24 35 40 23 40 33 28 21 29 30 26 22 40 29 39 25 30 26 28 28 28 36 23 33 42 34 26 26 39 29 46 32 21 29 42 31 32 43 31 34 28 0 33 30 34 38 32 28 31 27 31 
31 33 30 27 26 27 25 30 37 38 24 33 35 20 40 25 32 27 34 23 19 28 31 21 36 21 25 19 19 35 33 35 24 36 48 39 21 37 29 38 36 24 26 26 34 31 34 38 37 34 28 32 0 21 37 28 27 18 32 25 36 
33 35 33 29 29 29 27 33 38 41 27 36 36 23 43 28 36 29 37 26 20 29 35 23 36 25 29 23 20 36 36 39 28 40 50 41 20 39 32 40 39 28 28 30 34 29 38 42 39 39 32 34 25 0 41 31 31 18 36 29 39 
34 35 34 27 27 32 24 31 36 43 25 35 43 23 41 31 25 26 26 31 27 27 40 30 43 22 28 24 29 33 27 33 19 26 47 28 30 34 39 35 47 30 20 25 45 36 25 40 26 29 24 29 32 32 0 36 29 29 26 23 29 
32 34 31 28 27 28 26 31 38 39 25 34 36 20 41 23 32 28 33 24 19 28 32 22 37 20 24 18 20 35 34 34 23 35 49 38 21 38 29 39 37 22 27 25 35 31 33 36 37 33 27 33 23 22 36 0 25 20 31 24 35 
31 33 31 27 25 27 25 29 37 39 23 32 37 19 38 23 29 27 31 25 22 28 35 24 39 19 23 18 24 34 31 31 21 33 48 35 24 36 33 37 41 24 24 21 39 33 31 33 34 31 23 31 26 27 34 30 0 24 29 20 32 
31 33 31 27 26 27 25 30 37 39 25 34 35 21 41 26 34 27 35 24 18 28 33 21 36 23 27 21 18 35 33 37 26 38 48 39 20 37 30 38 37 25 26 28 34 30 36 40 37 36 30 32 22 19 39 29 29 0 34 27 37 
32 33 32 27 25 29 24 29 36 40 22 32 40 21 38 28 25 26 26 28 25 27 38 27 41 19 25 22 27 33 28 30 17 28 47 30 28 34 36 35 45 27 21 22 42 34 25 37 29 26 21 29 30 30 28 33 26 27 0 20 29 
33 33 32 27 26 30 25 30 37 41 23 33 41 21 39 26 27 27 28 28 25 28 38 27 42 20 26 21 27 34 29 30 18 30 48 33 28 36 36 37 45 27 22 21 43 35 28 36 32 28 20 31 30 30 31 33 24 27 26 0 30 
32 32 32 24 26 30 20 28 33 41 23 33 41 22 39 29 23 23 24 29 26 24 39 28 40 21 26 23 28 30 24 31 17 28 44 30 27 31 37 32 46 28 17 24 43 32 26 39 28 28 23 26 31 31 28 34 28 28 26 21 0 
