! Tipo tiempos viaje. Tipo m: matriz de tiempos, Tipo c: coordenadas (se supone tiempo=distancia euclidea)
m
! Num. estaciones, num. depositos, num. vehiculos
90 1 3
! Estaciones: capacidad, bicis buenas, bicis averiadas, objetivo bicis buenas, peso
18 3 0 9 1
16 16 0 8 1
15 12 0 7 1
20 7 0 10 1
26 9 0 13 1
14 12 0 7 1
20 10 0 10 1
31 6 0 15 1
26 14 0 13 1
26 5 0 13 1
25 3 0 12 1
20 3 0 10 1
20 20 0 10 1
38 25 0 19 1
26 12 0 13 1
20 15 0 10 1
20 10 0 10 1
20 13 0 10 1
35 25 0 17 1
18 15 0 9 1
28 5 0 14 1
27 10 0 13 1
27 6 0 13 1
40 14 0 20 1
20 6 0 10 1
18 18 0 9 1
25 9 0 12 1
20 2 0 10 1
25 8 0 12 1
14 7 0 7 1
14 5 0 7 1
14 9 0 7 1
26 19 0 13 1
20 14 0 10 1
20 9 0 10 1
22 18 0 11 1
20 6 0 10 1
24 6 0 12 1
24 7 0 12 1
10 10 0 5 1
40 21 0 20 1
32 26 0 16 1
16 4 0 8 1
18 16 0 9 1
18 6 0 9 1
20 20 0 10 1
26 2 0 13 1
16 13 0 8 1
23 11 0 11 1
26 14 0 13 1
24 24 0 12 1
20 19 0 10 1
24 22 0 12 1
15 10 0 7 1
20 15 0 10 1
18 11 0 9 1
17 14 0 8 1
30 12 0 15 1
18 16 0 9 1
30 27 0 15 1
28 0 0 14 1
18 2 0 9 1
31 22 0 15 1
24 24 0 12 1
26 10 0 13 1
16 1 0 8 1
24 6 0 12 1
26 0 0 13 1
20 17 0 10 1
40 20 0 20 1
20 20 0 10 1
18 7 0 9 1
32 0 0 16 1
20 20 0 10 1
24 11 0 12 1
16 0 0 8 1
24 2 0 12 1
18 13 0 9 1
24 16 0 12 1
27 6 0 13 1
23 5 0 11 1
20 6 0 10 1
23 2 0 11 1
40 14 0 20 1
24 13 0 12 1
35 25 0 17 1
36 3 0 18 1
24 20 0 12 1
19 18 0 9 1
20 4 0 10 1
! Depositos: num. bicis buenas
0
! Vehiculos: capacidades
20
20
20
! Tiempo carga/descarga, tiempo maximo
0 240
! Num. matrices de tiempos
1
! matriz de tiempos: filas primero estaciones, luego depositos
0 21 25 23 28 24 28 19 19 19 19 26 19 20 25 26 24 29 28 23 38 32 20 20 24 26 21 21 25 32 39 21 29 31 21 29 29 20 25 25 22 27 25 36 32 28 22 20 25 25 25 22 28 32 24 38 29 22 28 27 22 33 32 35 30 36 29 22 28 26 28 28 26 23 28 22 41 38 34 24 33 24 31 33 26 36 42 25 27 33 42 
26 0 27 24 27 22 29 19 21 21 20 27 17 19 23 28 24 30 26 25 38 33 21 20 25 28 19 22 25 32 41 22 30 30 23 29 27 20 23 23 24 25 25 34 34 28 22 21 25 27 26 20 26 34 25 40 29 24 26 27 24 32 32 35 28 37 29 24 30 27 26 30 28 24 28 24 41 38 32 22 34 26 31 33 26 34 41 24 27 35 44 
26 21 0 24 28 23 29 18 20 19 18 27 19 20 24 28 23 30 27 25 37 32 19 19 25 27 21 22 24 31 41 20 30 31 22 28 29 18 25 25 23 27 24 36 34 29 21 19 25 27 26 22 28 33 24 40 30 23 28 27 24 33 31 34 30 37 30 24 29 27 27 29 27 24 26 23 39 38 34 23 32 26 31 31 26 36 42 25 26 35 43 
28 22 27 0 30 25 29 21 19 20 21 27 21 22 26 26 26 28 29 23 40 31 22 22 23 25 23 20 26 34 39 21 30 33 20 30 31 21 26 26 22 29 26 37 32 29 22 22 26 25 24 24 29 31 23 38 30 21 29 29 22 33 34 34 32 35 29 22 27 25 29 27 25 23 29 21 42 40 36 25 33 24 32 34 28 38 43 27 29 33 41 
26 20 26 24 0 22 29 18 21 20 19 27 17 20 23 28 23 30 26 25 37 33 20 19 25 27 19 22 24 31 41 21 30 30 22 28 28 18 23 23 23 25 23 34 34 29 21 19 24 27 26 21 26 33 25 40 30 23 26 26 24 32 31 34 28 37 30 24 29 27 26 29 27 24 26 23 39 37 32 22 32 26 30 31 25 35 41 24 26 35 43 
27 21 27 25 26 0 30 19 21 21 20 28 17 19 22 29 24 31 25 26 38 34 20 20 26 28 19 23 25 32 42 22 31 29 23 29 27 19 22 22 24 24 24 33 34 28 21 20 25 28 27 20 25 34 26 41 29 24 25 27 25 31 32 35 27 38 29 25 30 28 25 30 28 25 27 24 40 38 31 21 33 27 31 32 26 34 41 23 27 36 44 
30 24 29 24 32 27 0 23 21 22 23 25 22 20 26 24 28 28 29 22 42 31 24 24 23 25 23 20 27 36 38 22 28 33 20 32 31 23 26 27 22 29 28 37 31 28 23 23 29 25 24 24 27 32 23 37 28 21 28 31 21 32 36 35 31 35 28 22 27 25 29 27 25 22 31 21 44 42 35 27 34 24 35 36 30 38 46 27 31 33 41 
27 21 27 25 28 22 30 0 22 21 20 28 18 20 23 29 24 31 26 26 36 34 21 20 26 28 20 23 25 30 42 22 31 30 23 27 28 19 23 23 24 26 23 34 35 29 22 20 23 28 27 21 26 34 26 41 30 24 27 26 25 32 31 35 28 38 30 25 30 28 26 30 28 25 27 24 40 37 33 22 33 27 29 32 25 35 40 24 26 36 44 
28 22 26 24 30 25 29 20 0 18 19 27 21 21 26 27 24 27 29 24 39 29 20 20 22 24 23 20 24 33 38 19 30 33 20 30 31 20 26 26 20 29 26 37 31 29 20 20 26 25 23 24 29 30 21 37 30 21 29 28 21 33 32 32 32 35 29 21 27 25 29 27 25 23 28 21 41 39 36 25 31 23 32 33 28 38 43 27 28 32 41 
28 23 26 26 31 26 31 19 21 0 18 29 21 22 27 30 23 31 30 27 39 32 18 19 24 25 23 23 23 32 42 18 33 33 22 30 31 18 27 27 21 29 27 38 35 32 20 19 27 28 26 24 30 31 23 39 32 24 30 27 25 35 31 32 32 38 32 23 30 28 29 30 28 26 26 24 39 38 36 25 30 27 33 31 28 38 44 27 26 33 44 
28 22 25 26 29 24 31 18 20 18 0 29 20 21 25 29 22 30 28 26 37 32 17 18 24 26 22 22 22 30 41 19 32 32 22 29 30 17 26 26 21 28 25 37 34 31 20 18 26 27 25 23 29 31 23 39 32 24 29 26 24 34 30 32 31 38 31 23 30 27 28 30 28 25 25 24 38 37 35 24 31 26 32 30 27 37 43 26 25 33 44 
29 23 29 23 31 26 27 22 20 22 23 0 21 18 25 23 27 30 28 23 41 33 24 23 25 27 20 20 28 36 38 23 26 30 22 32 28 23 25 24 23 26 28 36 29 25 24 24 28 25 26 21 25 33 25 39 26 21 25 31 21 29 35 36 30 33 25 23 27 24 26 27 25 20 31 21 44 42 33 25 35 23 34 36 29 35 45 26 30 34 41 
27 22 27 26 27 21 31 19 22 22 21 28 0 18 22 29 24 32 25 26 38 34 21 20 27 29 18 24 26 32 42 22 31 29 24 29 27 20 22 22 25 24 25 33 34 28 22 21 25 28 28 20 25 35 26 41 29 25 25 28 25 31 32 35 27 38 29 25 31 28 25 31 29 25 28 25 41 39 31 20 34 27 31 33 26 33 40 22 27 36 45 
28 23 29 26 29 24 30 21 23 23 22 25 18 0 23 26 26 32 26 26 40 35 23 22 28 30 18 22 27 34 41 24 27 28 24 31 26 22 23 21 26 23 27 33 31 25 24 23 27 27 28 19 24 36 28 41 26 23 24 29 24 29 34 37 28 35 26 26 29 26 24 29 27 21 30 23 43 40 31 23 36 26 33 35 28 33 43 23 29 37 43 
29 23 29 27 29 24 32 21 24 23 22 27 18 17 0 28 26 33 24 28 40 36 23 22 28 31 17 24 27 34 43 24 29 27 26 31 25 22 23 21 27 23 27 33 33 27 24 22 27 29 30 18 24 37 28 43 28 25 24 29 26 29 34 37 28 37 27 27 31 28 23 31 29 23 30 25 43 40 30 23 36 28 33 35 28 32 43 23 29 38 45 
29 23 28 23 31 26 27 22 20 22 22 23 21 18 25 0 27 29 29 22 41 32 23 23 24 26 21 19 27 35 37 22 26 31 21 32 29 23 25 25 23 27 28 36 30 26 23 23 28 24 25 22 25 33 24 38 26 20 26 30 21 30 35 35 30 34 26 22 26 24 27 26 24 20 31 20 44 41 34 26 34 23 34 36 29 36 45 26 30 33 40 
28 22 26 26 28 23 31 16 22 19 18 29 18 21 24 30 0 31 27 26 36 33 19 18 25 27 20 24 23 29 43 20 32 31 23 27 29 18 24 24 23 26 24 35 35 30 20 19 24 29 27 22 27 33 24 40 31 25 27 25 25 33 29 33 29 39 31 25 31 29 27 31 29 26 25 25 39 36 33 23 32 28 30 30 25 36 41 25 25 35 45 
28 22 26 24 30 25 29 20 18 19 20 27 21 21 26 26 25 0 29 22 39 29 21 21 21 23 23 18 24 33 37 19 28 33 18 30 31 21 26 26 19 29 26 37 30 27 20 21 26 23 22 24 27 29 21 35 28 19 27 29 20 32 33 32 31 33 28 20 25 23 29 25 23 21 29 19 42 40 36 25 31 22 32 34 28 38 43 27 29 31 39 
29 23 29 27 28 23 32 21 24 23 22 27 18 17 22 27 26 33 0 28 40 36 23 22 28 30 17 24 27 34 42 24 29 27 26 31 25 21 22 21 26 23 26 33 33 27 24 22 27 29 29 18 24 36 28 43 27 25 24 29 25 29 34 37 28 37 27 27 31 28 23 31 29 23 29 25 42 40 30 23 35 28 33 35 28 32 43 23 29 38 45 
28 23 27 24 31 26 28 21 19 21 22 25 21 21 26 24 26 27 30 0 40 30 22 22 22 24 23 19 25 34 37 20 29 33 19 31 31 22 26 27 21 29 27 37 30 28 22 22 27 23 23 24 27 30 22 36 28 20 28 30 20 32 34 34 32 34 28 20 26 23 29 26 24 21 30 20 43 41 36 26 32 22 33 35 28 38 44 27 29 31 40 
28 22 26 26 29 24 31 17 22 21 19 30 19 21 24 30 23 31 28 27 0 34 20 19 26 28 21 24 24 29 43 21 33 31 24 26 29 19 25 25 24 27 23 36 35 31 21 20 23 29 28 22 28 34 25 41 32 25 28 24 26 33 29 34 30 39 31 25 31 29 27 31 29 27 25 25 40 35 34 22 33 28 29 31 24 36 40 25 24 36 45 
28 23 27 25 31 26 30 21 18 19 20 28 21 22 27 27 25 26 30 23 40 0 20 21 20 22 23 19 23 34 38 18 29 34 18 31 32 20 27 27 18 29 27 38 30 28 19 20 27 24 22 25 28 28 20 35 29 20 28 29 21 33 32 31 32 34 29 19 26 24 30 26 24 22 28 20 41 40 36 26 30 23 33 33 28 39 44 28 28 30 40 
29 24 27 27 31 25 32 19 22 20 18 30 21 23 26 31 23 32 29 28 38 33 0 18 25 25 23 24 21 31 43 18 34 33 23 30 31 17 27 26 21 29 26 38 36 33 19 17 26 29 27 24 29 31 23 39 33 26 30 26 26 35 29 32 32 39 33 23 31 29 29 31 30 27 24 26 38 37 36 25 30 28 33 30 27 38 44 27 24 33 45 
29 23 28 28 30 25 33 18 23 20 19 31 20 22 26 31 22 32 29 28 38 34 19 0 26 26 22 25 22 31 44 19 34 32 24 29 30 16 26 26 22 28 26 37 36 32 18 17 25 30 28 23 29 32 23 39 33 26 29 25 27 34 28 31 31 40 32 24 32 30 28 32 30 28 24 26 37 36 35 24 30 29 32 29 26 37 43 26 24 34 46 
29 24 27 25 31 27 30 21 19 19 21 28 22 23 27 27 25 27 31 23 40 28 20 21 0 22 24 20 23 34 38 18 30 34 18 31 32 20 28 28 18 30 28 39 31 29 19 20 28 24 22 25 28 28 20 35 29 21 29 30 21 33 32 31 33 35 29 20 27 24 30 27 25 22 28 21 41 41 37 26 30 23 34 33 29 39 45 28 27 30 41 
30 24 27 26 32 27 31 20 21 19 19 30 22 24 28 29 24 29 31 25 40 30 19 20 22 0 24 21 22 33 40 17 32 34 21 31 32 18 28 28 18 30 28 39 33 31 18 18 28 26 24 25 30 28 20 36 31 23 31 28 23 35 31 30 33 37 31 20 29 26 31 29 27 24 26 23 39 39 37 27 28 25 34 32 29 39 45 29 26 30 43 
29 23 29 27 28 23 31 21 24 23 22 26 18 17 22 27 26 33 25 28 40 36 22 22 28 30 0 24 27 34 42 24 29 26 25 31 25 21 22 21 26 23 26 33 32 26 24 22 27 29 29 18 23 36 28 43 27 24 23 29 25 29 34 37 27 36 27 27 31 28 24 31 29 23 29 25 42 40 31 23 35 27 33 34 28 32 43 23 29 38 44 
28 23 27 25 31 26 30 21 19 20 21 27 21 22 27 26 26 27 30 23 40 30 22 22 21 24 23 0 25 34 37 20 29 34 17 31 31 21 27 27 20 29 27 38 30 28 21 22 27 24 21 24 28 29 21 35 29 20 28 30 20 32 34 33 32 34 28 19 26 24 30 26 24 22 29 20 42 40 36 26 32 23 33 34 28 38 44 28 29 30 40 
29 24 27 27 31 26 32 19 22 19 19 30 21 23 27 30 23 30 30 26 39 31 19 19 23 23 23 22 0 32 41 16 33 34 21 30 31 16 27 27 19 29 27 38 34 32 17 16 26 27 25 24 30 29 21 37 32 24 30 26 24 36 28 30 32 38 32 21 30 27 30 30 28 25 24 24 37 37 36 26 29 26 33 29 27 38 44 28 24 31 44 
29 23 28 28 30 25 33 18 23 21 20 31 20 22 26 31 24 33 29 28 36 35 20 20 27 29 22 25 24 0 44 21 34 32 25 26 30 19 25 26 24 28 23 36 37 32 21 20 22 30 28 23 29 34 25 42 33 27 29 23 27 34 28 34 30 41 32 26 33 30 28 33 31 28 25 27 39 34 34 23 33 29 29 30 24 36 40 25 23 36 47 
29 24 28 25 31 26 29 22 20 21 22 25 22 21 27 24 27 27 30 22 41 30 23 23 22 24 23 17 26 35 0 21 27 33 19 31 31 22 28 27 21 29 27 39 29 26 22 22 28 22 23 24 26 31 22 36 27 18 26 30 19 31 35 34 33 32 27 20 24 22 29 24 22 20 30 18 43 41 36 26 33 21 34 35 29 38 45 28 30 31 38 
30 25 28 27 32 27 32 20 21 20 20 30 22 24 28 29 24 29 31 25 40 30 19 20 22 23 24 21 20 33 40 0 32 34 21 31 32 17 28 28 18 30 28 39 33 31 17 17 27 26 24 25 30 28 20 36 31 23 31 27 23 35 29 29 33 37 31 20 29 26 31 29 27 24 25 23 38 38 37 27 28 25 34 30 28 39 45 29 25 30 43 
32 26 31 27 34 29 31 25 23 24 25 26 23 21 28 27 30 30 31 25 44 33 26 26 26 28 21 20 29 38 39 24 0 31 22 35 30 25 28 25 24 27 30 38 26 24 25 26 31 24 26 23 24 34 25 39 25 18 25 33 20 29 38 37 33 30 25 24 25 22 27 25 23 18 33 19 46 44 35 28 36 22 37 39 32 37 48 28 33 35 38 
31 25 31 29 30 25 33 23 26 25 24 28 20 19 24 29 28 35 28 29 42 38 25 24 30 32 18 25 29 36 43 26 28 0 27 33 27 23 24 22 28 24 28 35 32 25 26 24 29 29 31 20 22 38 30 44 26 24 22 31 25 28 36 39 29 36 26 28 31 27 24 31 29 22 31 25 44 42 31 25 37 28 35 36 30 33 45 25 31 39 44 
31 26 29 27 33 28 32 22 21 21 22 30 24 25 29 29 27 29 32 25 42 30 22 23 21 23 26 21 24 35 40 19 31 36 0 33 34 20 30 29 19 32 29 41 33 31 20 21 29 26 20 27 30 28 20 34 31 23 31 30 23 35 33 32 35 36 31 18 29 26 32 29 27 24 28 23 41 42 39 28 31 25 36 33 31 41 47 30 28 29 43 
29 24 28 28 30 25 33 19 24 23 22 31 20 22 26 31 26 34 29 28 37 36 22 22 29 31 22 26 26 30 44 23 34 33 26 0 30 21 24 26 26 28 22 35 37 32 23 22 22 30 30 23 29 36 27 43 33 27 29 24 27 35 29 36 29 41 32 27 33 31 28 33 31 28 26 27 41 35 33 22 35 29 28 31 24 35 39 25 23 38 47 
30 24 30 28 29 24 32 22 24 24 23 27 19 18 23 28 27 34 26 29 41 37 23 23 29 31 17 25 28 35 43 25 30 28 26 32 0 22 22 21 27 22 26 31 34 27 24 23 27 30 30 16 24 37 29 44 28 26 24 30 26 29 35 38 27 37 27 28 32 29 22 32 30 23 30 26 43 41 29 22 36 28 32 35 29 30 42 22 30 39 45 
29 23 28 27 30 24 32 18 23 20 19 30 20 22 25 31 22 32 28 28 37 34 18 18 26 26 22 25 22 30 44 19 34 32 24 29 30 0 26 25 22 28 25 37 36 32 17 16 25 30 27 23 28 32 22 39 32 26 29 25 26 34 28 31 31 40 32 23 32 30 28 32 30 27 23 26 36 36 35 24 29 29 32 28 26 37 43 26 23 34 46 
29 24 30 28 29 23 33 22 24 24 23 29 18 19 23 30 26 34 26 28 39 37 23 22 29 31 19 26 28 33 44 24 31 29 26 30 26 22 0 23 27 24 24 30 35 29 24 23 25 31 30 18 26 37 29 43 29 27 26 28 27 31 33 37 25 39 29 28 33 31 24 33 31 25 30 27 43 39 29 20 36 29 30 35 27 31 40 20 28 38 47 
30 25 30 28 30 25 33 22 25 25 23 28 19 18 24 29 27 35 27 29 41 37 24 23 30 32 17 25 29 35 43 25 29 27 27 32 26 23 24 0 28 23 28 34 32 26 25 24 28 29 31 18 22 38 29 44 26 24 23 31 26 28 35 38 29 36 26 28 31 28 22 31 29 22 31 25 44 42 30 24 37 28 34 36 29 32 44 24 30 39 44 
30 25 28 27 33 28 32 21 20 21 21 30 23 24 29 29 25 28 32 25 41 29 21 21 21 23 25 21 21 34 40 17 31 36 20 32 33 18 29 29 0 31 29 40 32 30 18 18 29 26 23 26 30 27 18 35 31 22 30 28 22 34 31 30 34 36 30 19 28 26 32 28 26 24 26 22 39 39 38 28 29 25 35 31 30 40 46 30 26 30 42 
30 24 30 28 30 25 33 22 25 24 23 28 19 18 24 29 27 34 27 29 41 37 24 23 29 32 18 25 28 35 44 25 30 28 27 32 24 23 22 21 27 0 27 32 34 27 25 23 28 30 30 16 24 38 29 44 28 26 24 30 27 29 35 38 27 37 27 28 32 29 22 32 30 24 30 26 44 41 28 22 37 29 33 36 29 30 42 23 30 39 45 
29 23 29 27 29 24 32 20 23 23 22 30 19 21 25 30 25 33 28 27 37 36 22 21 28 30 21 25 27 30 44 23 33 32 25 26 30 21 23 25 26 27 0 34 36 31 23 22 22 30 29 22 28 36 28 42 32 26 28 24 26 34 30 36 28 40 32 27 32 30 27 32 30 27 27 26 42 35 32 20 35 29 27 31 23 34 38 23 24 37 46 
31 25 31 29 31 26 34 23 26 26 24 29 20 19 25 30 28 36 28 30 42 38 25 24 31 33 19 26 29 36 45 26 32 29 28 33 25 24 23 23 29 24 28 0 35 29 26 25 29 31 32 18 26 39 30 45 29 27 26 31 28 31 36 39 28 39 29 29 33 31 24 33 31 25 32 27 45 42 30 23 38 30 34 37 30 32 43 24 31 40 47 
32 27 31 28 34 30 32 25 23 24 25 27 24 22 29 27 30 30 32 25 44 33 26 26 26 28 22 20 29 38 39 24 26 32 22 35 31 26 29 26 24 28 31 39 0 25 25 26 31 24 26 24 25 34 26 39 26 17 26 33 19 30 38 37 34 31 26 23 25 21 28 25 22 19 33 19 47 44 36 29 36 21 37 39 32 38 48 29 33 34 37 
32 25 31 26 32 27 30 25 23 25 25 25 22 19 26 26 30 31 29 26 44 34 27 26 27 29 19 21 30 38 40 25 23 29 23 35 29 25 26 24 25 26 30 37 27 0 26 26 31 25 27 21 23 35 26 40 24 19 23 33 21 27 38 38 31 31 23 25 26 23 25 26 24 17 33 20 46 44 33 27 37 23 37 38 32 35 47 27 33 36 39 
31 25 29 28 31 26 33 19 22 21 20 31 22 24 27 31 23 31 30 27 39 32 20 19 24 25 23 23 22 32 42 17 34 34 23 30 32 16 27 27 20 29 27 38 35 33 0 16 27 28 25 25 30 30 20 37 33 25 30 26 25 36 29 28 32 39 33 21 31 28 30 31 29 26 24 25 37 37 36 26 27 27 33 29 28 39 44 28 24 31 45 
34 28 32 31 34 29 36 22 25 24 23 34 25 27 30 34 27 34 33 30 42 35 23 22 27 28 26 26 25 35 45 20 37 37 26 33 35 19 30 30 23 32 30 41 38 36 19 0 30 31 28 28 33 33 22 40 36 28 33 29 28 39 31 31 35 42 36 24 34 31 33 34 32 29 26 28 37 40 39 29 30 30 36 30 31 42 47 31 26 34 48 
30 24 28 28 30 25 33 19 24 23 22 31 20 22 26 31 25 33 29 28 37 36 22 21 28 30 22 26 26 30 45 23 34 33 26 25 31 20 24 26 26 28 22 35 37 32 22 21 0 31 30 23 29 36 27 43 33 27 29 23 27 35 29 36 29 41 33 28 33 31 28 33 31 28 26 27 41 34 33 21 34 30 28 30 23 35 39 24 23 38 47 
30 25 29 26 33 28 31 23 21 22 23 27 23 22 29 26 28 28 32 24 42 32 24 24 24 26 23 18 27 36 37 22 27 33 20 33 32 24 29 27 22 29 29 40 29 26 23 24 29 0 24 25 26 32 24 37 27 18 27 31 19 31 36 35 34 32 27 22 24 22 29 23 22 19 32 17 45 42 37 28 34 20 35 37 30 39 46 30 31 32 38 
31 26 29 27 34 29 33 23 21 22 22 30 24 25 30 30 27 29 33 26 42 30 22 23 22 24 26 22 24 36 40 19 32 37 21 34 34 21 30 30 19 32 30 41 33 31 21 21 30 27 0 27 31 28 20 33 32 23 31 31 23 35 33 33 35 37 31 17 29 27 33 29 27 25 29 23 41 42 39 29 32 26 36 34 31 41 47 31 29 28 43 
31 25 31 29 30 25 33 23 26 25 24 28 20 19 24 29 28 35 28 30 42 38 25 24 30 32 18 26 29 36 44 26 29 27 27 33 25 23 23 22 28 21 27 32 33 26 26 24 28 30 31 0 23 38 30 45 27 25 23 31 26 29 36 39 28 36 26 29 32 28 22 32 29 23 31 26 44 42 29 23 37 28 33 36 30 31 43 23 31 40 44 
31 25 31 28 30 25 32 23 25 25 24 27 20 19 24 28 28 34 28 28 42 37 25 24 29 31 18 24 29 36 42 26 27 27 26 33 27 23 24 22 28 24 28 35 30 24 26 24 29 28 30 19 0 37 29 43 25 22 21 31 24 26 36 39 29 34 24 27 30 26 23 30 27 20 31 24 44 42 31 25 37 26 35 36 30 33 45 25 31 38 42 
32 26 30 28 34 29 33 23 21 22 23 31 25 25 30 30 27 29 33 26 43 31 22 23 22 24 26 22 24 36 41 19 32 37 21 34 35 20 30 30 19 32 30 41 34 31 20 20 30 27 21 28 31 0 19 33 32 23 31 30 24 36 33 32 35 37 32 17 29 27 33 29 27 25 28 23 40 41 39 29 31 25 36 33 31 42 47 31 28 28 43 
31 26 29 27 34 29 32 22 21 22 22 30 24 25 30 29 27 29 33 26 42 30 22 22 22 24 26 22 23 35 40 18 32 36 21 33 34 19 30 30 18 32 30 41 33 31 19 20 30 27 24 27 31 28 0 36 32 23 31 29 23 35 32 32 35 37 31 20 29 27 33 29 27 25 27 23 40 40 39 29 30 25 36 32 31 41 47 31 27 30 43 
32 27 30 28 34 30 33 24 22 23 23 31 25 26 31 30 28 30 34 27 43 31 23 24 23 25 27 23 25 37 41 20 33 37 22 34 35 22 31 31 20 33 31 42 34 32 22 22 31 27 21 28 32 29 22 0 33 24 32 32 24 36 34 34 36 38 32 19 30 28 34 30 28 25 30 24 43 43 40 30 33 26 37 35 32 42 48 32 30 30 44 
31 26 32 27 31 26 31 24 24 26 25 26 21 19 25 27 29 33 29 27 43 36 26 25 28 30 19 23 30 37 41 26 25 28 25 34 28 24 25 23 27 25 30 36 29 22 27 25 30 27 29 21 22 36 28 42 0 21 22 32 22 27 37 39 31 32 22 26 28 24 24 28 25 18 32 22 46 43 32 26 38 24 36 38 31 34 46 26 32 37 40 
33 28 32 28 35 31 32 26 24 25 26 28 25 22 30 28 31 31 33 26 45 34 27 27 27 29 23 21 30 39 40 25 27 33 23 36 32 26 30 27 25 29 31 40 26 26 26 27 32 25 27 25 26 34 26 40 27 0 26 34 20 31 39 38 35 32 26 24 25 21 29 25 23 19 34 20 47 45 36 30 37 22 38 40 33 39 49 30 34 35 38 
30 24 30 28 29 24 33 22 25 24 23 28 19 18 23 28 27 34 27 29 41 37 24 23 29 31 17 25 28 35 43 25 28 26 27 32 26 22 23 21 27 23 28 34 32 25 25 23 28 29 30 19 22 37 29 44 26 24 0 30 25 28 35 38 29 35 26 28 31 27 22 31 29 22 30 25 44 41 30 24 37 27 34 36 29 32 44 24 30 39 44 
31 26 30 30 32 27 35 20 25 23 22 33 22 24 28 33 25 35 31 30 38 37 21 21 29 30 24 27 25 30 46 22 36 35 27 27 33 19 27 28 25 30 24 38 39 34 22 20 23 32 31 25 31 35 26 43 35 29 31 0 29 37 27 35 31 43 35 27 35 32 31 35 33 30 25 29 40 33 36 24 33 31 30 29 24 38 41 27 21 37 49 
30 25 29 26 32 28 30 23 21 22 23 27 23 22 28 26 28 28 31 23 42 31 24 24 23 26 22 18 27 36 37 22 26 32 20 33 32 23 29 26 22 28 28 39 28 26 23 24 29 22 24 24 25 32 23 37 26 17 26 31 0 30 36 35 34 31 26 22 23 21 28 23 21 19 31 18 44 42 36 27 34 20 35 36 30 38 46 29 31 32 37 
31 25 31 28 30 25 32 23 25 25 24 27 20 19 24 28 28 34 27 28 42 37 25 24 29 31 17 24 29 36 42 26 27 27 26 33 27 23 24 22 28 24 28 35 31 24 26 24 29 28 30 20 21 38 29 43 25 23 21 31 24 0 36 39 29 34 25 27 30 26 23 30 27 21 31 24 44 42 31 25 37 26 35 36 30 33 45 25 31 38 42 
31 26 30 30 32 27 35 20 25 23 21 33 22 24 28 33 24 35 31 30 38 36 21 20 28 29 24 27 24 30 46 22 36 34 26 28 32 18 27 28 24 30 25 38 39 34 21 19 24 32 30 25 31 34 25 42 35 29 31 23 29 36 0 34 32 42 34 26 35 32 31 35 33 30 23 29 38 34 36 25 33 31 31 29 25 38 42 28 23 36 49 
31 26 29 28 32 27 34 20 22 21 21 31 22 24 28 30 24 30 31 27 40 31 21 20 23 25 24 23 22 33 41 17 33 35 22 31 33 17 28 28 19 30 28 39 34 32 16 17 27 28 24 25 32 29 18 36 33 24 31 27 24 36 29 0 33 38 32 20 30 28 31 30 28 26 25 24 37 38 37 27 26 27 34 31 29 39 45 29 25 30 44 
31 25 31 30 31 25 35 23 26 26 24 31 20 21 24 31 28 36 27 30 41 38 25 24 31 33 21 27 29 35 46 26 33 31 28 31 28 24 21 25 29 25 26 32 37 30 26 25 27 32 32 19 27 39 30 45 31 29 27 29 29 33 35 39 0 40 30 29 35 32 25 35 33 27 32 29 45 40 30 19 38 31 30 36 27 32 39 20 29 40 48 
35 28 34 29 35 30 34 27 25 27 28 29 25 23 30 29 32 33 33 28 46 36 28 28 28 30 23 23 31 41 42 27 26 32 25 37 32 28 30 27 27 29 33 40 29 25 28 28 33 27 29 25 26 36 28 42 27 19 26 36 22 31 40 40 35 0 25 26 28 23 29 28 24 17 36 22 49 47 36 30 38 24 39 41 34 38 50 30 36 37 37 
33 26 32 28 33 28 32 26 25 26 27 27 23 21 27 27 31 32 31 27 45 35 28 27 28 30 21 22 31 39 41 26 25 30 24 36 30 26 27 25 26 27 32 38 28 22 27 27 32 27 28 23 24 36 28 42 24 20 24 34 22 29 39 39 33 31 0 26 27 24 26 28 25 18 34 22 48 45 34 28 38 24 38 40 33 36 48 28 34 37 39 
34 29 33 31 37 32 36 26 24 25 25 34 27 28 33 33 30 32 36 29 45 33 25 26 25 27 29 25 27 39 44 22 35 40 24 37 38 24 33 33 22 35 33 44 36 34 24 24 33 30 23 30 34 31 23 34 35 26 34 34 26 39 36 36 38 40 35 0 32 30 36 31 30 28 32 25 43 45 42 32 34 26 39 36 34 44 50 34 32 30 46 
30 25 29 27 33 28 31 23 21 23 24 27 24 22 29 27 28 29 32 24 42 32 24 24 24 26 23 18 27 36 37 22 27 32 20 33 32 24 29 27 23 29 29 40 28 26 24 24 29 23 24 25 26 32 24 37 27 18 26 32 17 31 36 36 34 32 27 22 0 21 29 23 22 19 32 17 45 43 36 28 34 19 35 37 30 38 46 30 31 32 38 
35 29 34 30 36 31 34 28 26 27 28 29 26 23 30 30 33 33 33 28 47 36 29 29 28 30 23 23 32 41 42 27 26 33 25 37 33 28 30 27 27 29 33 40 29 25 28 28 34 27 29 25 26 37 28 42 27 19 27 36 22 31 41 40 35 30 25 27 28 0 29 28 24 18 36 22 49 47 37 30 39 24 40 41 35 39 50 31 36 37 36 
31 26 31 29 31 26 34 23 26 26 24 29 20 19 25 30 28 36 28 30 42 38 25 24 31 33 18 26 29 36 44 26 29 28 28 33 26 24 23 22 29 23 28 33 33 26 26 25 29 30 32 18 23 39 30 45 27 25 24 31 27 29 36 39 29 37 27 29 32 29 0 32 30 23 32 26 45 42 29 23 38 29 34 37 30 31 43 24 31 40 45 
31 26 30 27 33 29 32 24 22 23 24 28 24 23 30 27 29 29 33 25 43 32 25 25 24 26 24 18 27 37 38 23 28 33 20 34 33 24 30 28 23 30 30 41 29 27 24 24 30 23 24 26 27 32 24 37 28 19 27 32 19 32 36 36 35 33 27 22 25 22 29 0 23 20 32 16 45 43 37 28 35 19 36 37 31 39 47 30 32 32 39 
32 26 31 28 34 29 32 24 22 24 25 29 25 23 30 28 29 30 33 25 43 33 25 25 25 27 23 19 28 38 39 24 27 33 21 34 33 25 30 28 24 30 30 41 28 26 25 25 30 24 25 26 27 33 25 38 28 17 27 33 18 31 37 37 35 31 26 23 23 21 29 24 0 18 33 18 46 44 37 29 35 20 36 38 31 39 47 31 33 34 36 
35 28 34 29 35 30 33 28 26 27 28 28 25 22 29 29 33 33 32 28 47 36 29 29 29 31 22 23 32 41 42 27 26 32 25 38 32 28 29 27 27 29 33 40 29 24 28 29 34 27 29 24 26 37 29 43 27 20 26 36 23 30 41 40 34 31 25 27 28 23 28 28 25 0 36 22 49 47 36 30 39 25 40 41 35 38 49 30 36 38 37 
32 26 31 30 33 27 35 21 26 23 22 33 23 25 28 34 25 35 31 31 41 37 21 21 29 29 25 28 25 32 47 22 37 35 27 30 33 17 29 29 25 31 28 40 39 35 21 19 26 33 30 26 32 35 25 42 35 29 32 25 30 37 27 34 34 43 35 26 35 33 31 35 33 30 0 29 36 37 38 27 32 32 34 26 28 40 45 29 22 37 49 
32 26 31 28 34 29 32 24 22 23 24 29 25 24 30 28 29 30 33 25 43 33 25 25 25 27 24 19 28 38 39 23 29 34 21 34 34 25 30 28 23 30 30 41 30 28 24 25 30 23 25 26 27 32 25 38 28 19 28 33 20 32 37 36 35 33 28 22 25 23 30 22 23 21 33 0 46 44 38 29 35 20 36 38 32 40 47 31 33 33 39 
30 24 29 29 31 26 34 19 24 22 20 32 21 23 27 32 23 34 30 29 39 35 20 19 27 27 23 26 23 32 45 20 35 33 25 30 31 16 27 27 23 29 27 38 38 33 19 18 26 31 29 24 30 33 23 40 34 27 30 26 28 35 28 32 32 41 33 25 33 31 30 33 31 29 23 28 0 37 36 26 31 30 33 27 27 38 44 27 23 35 47 
32 27 31 31 33 28 36 21 26 24 23 34 23 25 29 34 26 36 32 31 39 38 22 22 30 30 25 29 26 31 47 23 37 36 28 28 34 20 27 29 26 31 25 38 40 35 22 21 23 34 32 26 32 36 27 44 36 30 32 22 30 38 27 35 32 44 36 28 36 34 31 36 34 31 25 30 40 0 36 24 34 32 31 29 24 38 42 27 21 38 50 
32 26 32 30 31 26 35 24 27 26 25 30 21 20 25 30 29 36 29 31 42 39 26 25 31 33 19 27 30 36 46 27 31 29 29 32 26 24 22 23 29 23 27 32 35 28 27 25 28 32 32 17 25 39 31 46 29 26 25 30 28 30 36 40 27 38 28 30 34 30 23 34 31 24 32 28 46 41 0 21 39 30 32 38 29 29 42 22 30 41 46 
31 25 31 29 30 25 34 23 26 25 24 32 20 22 26 33 28 35 29 30 40 38 24 24 30 32 22 27 29 34 46 26 35 33 27 29 29 23 23 26 28 27 24 34 38 32 26 24 25 32 31 21 29 38 30 45 33 28 29 28 29 34 33 39 24 42 32 29 34 32 27 34 32 28 30 28 44 38 32 0 37 31 28 35 24 33 37 21 27 40 48 
34 28 31 30 35 29 35 23 24 23 23 33 25 27 30 32 27 32 33 28 42 33 23 23 25 27 27 25 24 35 43 19 35 37 24 34 35 19 31 31 21 33 30 42 36 34 19 19 30 29 26 28 33 31 20 38 34 26 34 29 26 38 32 30 36 40 34 22 32 29 33 32 30 27 26 26 37 41 40 29 0 28 37 31 31 42 48 31 27 32 46 
31 26 30 27 34 29 32 24 22 23 24 28 24 23 30 27 29 29 33 25 43 32 25 25 24 27 24 18 28 37 38 23 28 33 20 34 33 24 30 28 23 30 30 41 30 27 24 25 30 23 24 26 27 32 24 37 28 19 27 32 20 32 37 36 35 33 28 22 25 22 30 22 23 20 32 16 45 43 37 29 35 0 36 37 31 40 47 31 32 33 39 
29 23 29 27 30 25 32 21 24 23 22 30 20 22 25 31 26 33 28 28 38 36 23 22 28 30 22 25 27 32 44 24 34 32 26 28 30 22 24 26 26 28 22 35 37 32 24 22 23 30 29 22 29 36 28 43 32 27 29 25 27 34 31 37 27 40 32 27 32 30 28 32 31 28 28 27 43 36 33 19 36 29 0 33 22 35 36 23 25 38 46 
32 27 31 31 33 28 36 21 26 24 22 34 23 25 29 34 25 36 32 31 40 37 22 21 29 30 25 28 25 31 47 22 37 36 28 30 33 18 29 29 25 31 27 40 40 35 21 20 26 33 31 26 32 35 25 43 36 30 32 24 30 38 26 34 34 43 36 27 36 33 32 36 34 31 22 30 37 36 38 26 33 32 33 0 27 40 44 29 21 37 50 
30 24 30 28 31 26 34 20 25 24 23 32 21 23 26 32 27 34 30 29 38 37 23 23 30 32 23 26 27 31 45 25 35 33 27 27 31 22 25 27 27 29 23 36 38 33 24 22 22 31 31 23 30 37 28 44 34 28 30 24 28 35 30 37 28 41 33 28 34 31 29 34 32 29 27 28 42 35 34 20 36 30 27 32 0 36 38 24 23 39 48 
32 26 32 30 31 26 35 24 27 26 25 30 21 20 25 30 29 36 28 31 42 39 26 25 31 33 19 27 30 36 45 27 31 29 29 32 26 24 22 23 29 23 27 31 34 28 27 25 28 32 32 17 25 39 31 46 29 26 25 30 28 30 36 40 27 38 28 30 34 30 23 34 31 24 32 28 45 41 27 20 39 30 32 37 28 0 41 21 30 41 46 
31 26 31 30 32 26 35 23 26 26 24 33 21 24 27 33 28 36 30 30 41 38 25 24 31 33 23 28 30 34 46 26 36 34 28 30 31 24 24 27 29 28 24 35 39 33 26 25 25 32 32 22 30 39 30 45 34 29 30 28 29 35 34 39 27 43 33 29 35 32 28 35 33 29 31 29 45 39 33 19 38 31 28 35 25 35 0 23 28 40 49 
31 25 31 30 31 25 35 23 26 26 24 31 20 21 24 31 28 36 27 30 41 38 25 24 31 33 21 27 29 35 46 26 33 31 28 31 28 24 21 25 29 25 26 32 37 30 26 25 27 32 32 19 27 39 30 45 31 29 27 29 29 33 35 39 24 40 30 29 35 32 25 35 33 27 32 29 45 40 30 19 38 31 30 36 26 32 39 0 29 40 48 
33 27 31 31 34 29 36 22 27 24 23 34 24 26 29 35 26 36 32 32 40 38 23 22 30 30 26 29 26 31 48 23 38 36 28 28 34 19 28 30 26 32 25 39 40 36 22 20 24 34 32 26 33 36 26 43 36 30 33 22 31 38 26 35 32 44 36 28 36 34 32 36 34 32 24 30 39 33 37 25 34 33 31 28 25 39 42 28 0 38 50 
34 29 32 30 36 31 35 25 24 24 25 33 27 28 32 32 30 32 35 28 45 33 25 26 24 26 29 24 26 38 43 21 34 39 23 36 37 22 33 33 21 35 32 44 36 34 23 23 33 29 23 30 33 30 22 34 34 26 34 32 25 38 35 35 38 39 34 19 32 29 35 30 30 27 30 24 42 44 42 31 33 24 39 35 34 44 50 33 30 0 46 
34 29 33 30 36 31 34 27 25 26 27 29 26 23 30 29 32 32 33 28 46 36 28 28 28 30 23 22 31 40 41 26 27 33 24 37 33 28 30 28 26 30 33 41 28 25 27 28 33 26 28 25 27 35 28 41 28 17 27 35 21 31 40 39 35 31 26 25 26 20 29 26 22 18 36 21 49 46 37 31 38 22 39 41 34 39 50 31 35 36 0 
