! Tipo tiempos viaje. Tipo m: matriz de tiempos, Tipo c: coordenadas (se supone tiempo=distancia euclidea)
m
! Num. estaciones, num. depositos, num. vehiculos
20 1 2
! Estaciones: capacidad, bicis buenas, bicis averiadas, objetivo bicis buenas, peso
20 7 0 10 1
35 17 0 17 1
20 6 0 10 1
25 16 0 12 1
24 6 0 12 1
27 12 0 13 1
20 8 0 10 1
24 4 0 12 1
36 3 0 18 1
25 1 0 12 1
18 18 0 9 1
10 10 0 5 1
31 22 0 15 1
20 17 0 10 1
15 15 0 7 1
25 7 0 12 1
40 38 0 20 1
23 3 0 11 1
31 17 0 15 1
16 11 0 8 1
! Depositos: num. bicis buenas
0
! Vehiculos: capacidades
20
20
! Tiempo carga/descarga, tiempo maximo
0 480
! Num. matrices de tiempos
1
! matriz de tiempos: filas primero estaciones, luego depositos
0 18 19 34 32 27 24 25 18 37 26 18 19 28 32 24 27 25 25 23 26 
23 0 22 35 34 29 26 27 20 39 26 20 19 28 34 26 29 27 24 25 28 
22 18 0 33 31 26 24 24 17 37 26 18 19 28 32 23 26 24 25 23 25 
25 21 21 0 33 29 27 21 17 39 29 21 22 30 35 21 25 23 27 26 27 
23 19 19 33 0 27 25 24 17 36 27 18 20 28 32 24 26 25 25 23 26 
23 20 20 33 32 0 26 25 18 36 27 17 21 29 31 25 27 26 26 23 27 
23 19 21 34 34 29 0 26 19 39 25 21 18 26 35 24 28 24 24 25 25 
23 19 20 31 33 28 26 0 17 38 28 20 20 29 34 22 26 24 26 25 25 
23 19 20 31 32 27 26 22 0 38 28 20 20 29 34 22 25 24 26 25 25 
24 21 21 34 33 27 27 26 19 0 28 16 22 30 30 26 28 27 26 23 28 
23 18 22 36 35 30 25 27 20 38 0 20 18 27 34 25 29 26 23 23 27 
24 21 21 34 33 27 27 26 19 34 28 0 22 30 30 26 28 27 26 23 28 
23 19 22 36 35 30 24 27 21 39 26 21 0 25 35 25 30 26 23 25 27 
25 20 23 36 36 31 25 27 21 41 27 23 19 0 37 24 30 25 25 27 27 
25 22 23 36 34 28 28 27 20 35 29 17 23 32 0 27 29 28 28 24 29 
27 23 23 32 36 31 27 23 19 41 30 23 23 31 37 0 27 21 29 28 28 
25 21 21 31 33 28 27 22 17 39 29 21 22 30 35 22 0 24 27 26 27 
26 22 23 33 35 31 27 24 20 41 30 23 22 30 37 20 28 0 28 27 27 
24 20 23 37 36 31 26 28 22 40 26 21 17 25 35 26 31 27 0 25 29 
25 22 22 36 35 29 28 28 21 37 27 19 21 30 33 27 30 28 25 0 29 
24 20 20 33 33 28 24 25 18 39 27 20 19 27 34 23 27 24 25 25 0 
