! Tipo tiempos viaje. Tipo m: matriz de tiempos, Tipo c: coordenadas (se supone tiempo=distancia euclidea)
m
! Num. estaciones, num. depositos, num. vehiculos
30 1 2
! Estaciones: capacidad, bicis buenas, bicis averiadas, objetivo bicis buenas, peso
16 16 0 8 1
25 5 0 12 1
20 5 0 10 1
20 3 0 10 1
24 21 0 12 1
40 24 0 20 1
26 4 0 13 1
17 11 0 8 1
10 5 0 5 1
24 12 0 12 1
16 16 0 8 1
25 9 0 12 1
17 7 0 8 1
36 7 0 18 1
24 5 0 12 1
20 20 0 10 1
24 8 0 12 1
36 17 0 18 1
24 14 0 12 1
23 22 0 11 1
17 9 0 8 1
15 15 0 7 1
17 5 0 8 1
20 14 0 10 1
20 20 0 10 1
20 5 0 10 1
28 4 0 14 1
20 3 0 10 1
18 18 0 9 1
24 5 0 12 1
! Depositos: num. bicis buenas
0
! Vehiculos: capacidades
20
20
! Tiempo carga/descarga, tiempo maximo
0 480
! Num. matrices de tiempos
1
! matriz de tiempos: filas primero estaciones, luego depositos
0 18 36 20 34 31 29 35 23 32 31 40 20 27 26 41 27 29 29 27 33 23 30 27 35 37 27 32 33 34 28 
23 0 37 21 33 30 28 34 22 31 30 38 19 27 25 39 26 29 28 27 32 23 30 26 34 36 26 31 32 33 28 
22 19 0 21 34 32 29 35 23 32 32 40 20 28 26 41 28 30 30 28 34 24 31 27 35 37 28 32 33 34 29 
25 20 39 0 32 30 27 33 21 30 30 38 18 25 24 39 26 27 27 26 31 21 28 25 33 35 26 30 31 32 26 
29 22 42 21 0 31 21 29 22 31 31 39 19 22 20 40 27 23 29 22 32 21 28 26 29 31 27 29 32 31 27 
26 18 40 19 31 0 26 32 19 28 28 36 17 24 23 37 24 26 26 24 30 20 27 23 32 34 24 29 29 31 25 
28 22 42 21 26 31 0 29 22 31 31 39 19 22 20 40 27 23 28 22 32 21 28 26 29 31 27 29 32 31 27 
28 21 42 21 27 31 22 0 22 30 30 38 18 20 18 39 26 22 28 20 31 20 27 25 27 29 25 28 31 30 27 
26 19 40 19 31 28 26 32 0 27 27 35 17 24 23 36 23 26 25 24 29 20 27 22 31 34 23 28 28 30 25 
30 23 44 23 35 33 30 36 23 0 29 31 21 28 27 33 19 30 24 27 30 24 31 18 36 38 19 33 31 35 29 
28 21 42 21 33 30 28 34 21 28 0 35 19 26 25 36 23 28 25 27 30 22 29 23 34 36 23 31 30 33 27 
32 25 46 25 37 34 32 38 25 25 31 0 23 30 29 32 20 32 26 28 32 26 33 19 38 40 21 35 32 37 31 
27 20 41 20 29 29 24 30 19 28 27 35 0 23 21 36 23 25 25 23 29 19 26 23 30 32 23 27 29 29 24 
29 23 43 22 29 32 24 29 23 31 31 39 19 0 18 40 26 21 29 19 33 21 28 26 26 29 25 29 32 31 28 
30 23 43 22 29 32 24 29 23 32 32 40 20 20 0 41 25 20 30 18 33 22 29 27 25 29 24 30 33 32 28 
34 27 48 27 37 37 32 38 27 27 33 32 25 30 29 0 23 32 27 31 31 26 33 21 38 40 23 35 30 37 30 
33 26 47 26 38 35 33 38 25 26 32 33 24 29 26 35 0 28 27 24 32 27 34 20 34 38 17 35 33 37 32 
30 24 44 23 30 33 25 30 24 32 32 40 20 20 17 41 25 0 30 18 34 22 29 27 26 29 23 30 33 32 29 
30 23 44 23 34 32 30 36 23 27 29 34 21 28 26 33 22 30 0 28 27 24 31 22 35 38 22 32 28 34 28 
31 25 45 24 31 34 26 31 25 34 33 40 22 21 18 42 23 21 31 0 35 23 30 27 27 30 22 32 35 34 30 
31 24 45 24 33 33 28 34 23 29 29 36 21 27 25 35 24 28 23 27 0 22 29 23 34 36 25 31 27 33 27 
30 23 44 22 31 33 26 32 23 32 32 40 20 24 23 41 28 26 30 24 33 0 24 27 31 34 28 26 33 28 28 
29 23 43 22 30 32 26 32 23 32 32 40 20 24 22 41 27 26 29 24 33 15 0 27 31 34 28 25 33 27 28 
33 27 47 26 38 36 33 39 26 27 32 33 24 31 29 33 21 32 27 28 32 27 34 0 38 41 22 35 31 37 31 
30 24 44 23 30 33 25 30 24 33 32 41 21 20 17 41 26 20 30 19 34 22 29 28 0 29 24 31 34 33 29 
30 24 44 23 29 33 25 29 24 32 32 40 20 20 18 41 26 21 30 19 33 22 29 27 26 0 25 30 33 32 29 
34 27 48 27 37 36 33 37 26 27 33 34 25 28 25 36 17 27 28 23 33 28 35 21 33 37 0 36 34 38 33 
30 24 44 23 31 33 26 32 24 33 32 41 21 25 23 42 28 27 30 25 34 17 24 28 32 34 28 0 34 28 29 
29 23 43 22 32 32 27 33 22 29 28 35 20 25 24 34 24 27 23 25 26 21 28 21 33 35 24 30 0 32 25 
30 24 44 23 31 33 26 32 24 32 32 40 20 24 23 41 28 26 30 25 32 17 24 27 32 34 28 24 32 0 28 
29 23 43 22 31 32 26 32 22 30 28 38 20 24 23 37 25 26 26 25 28 20 27 24 32 34 25 29 28 31 0 
