! Tipo tiempos viaje. Tipo m: matriz de tiempos, Tipo c: coordenadas (se supone tiempo=distancia euclidea)
m
! Num. estaciones, num. depositos, num. vehiculos
90 1 5
! Estaciones: capacidad, bicis buenas, bicis averiadas, objetivo bicis buenas, peso
31 21 0 15 1
40 13 0 20 1
30 26 0 15 1
18 13 0 9 1
24 11 0 12 1
19 17 0 9 1
31 11 0 15 1
27 8 0 13 1
20 1 0 10 1
24 5 0 12 1
14 4 0 7 1
40 14 0 20 1
16 13 0 8 1
17 7 0 8 1
12 4 0 6 1
20 9 0 10 1
20 18 0 10 1
22 18 0 11 1
24 1 0 12 1
28 5 0 14 1
29 9 0 14 1
27 4 0 13 1
30 23 0 15 1
23 10 0 11 1
25 3 0 12 1
25 8 0 12 1
31 6 0 15 1
20 15 0 10 1
40 24 0 20 1
24 15 0 12 1
26 0 0 13 1
24 13 0 12 1
10 10 0 5 1
18 16 0 9 1
14 9 0 7 1
26 4 0 13 1
16 3 0 8 1
23 8 0 11 1
24 24 0 12 1
40 32 0 20 1
15 11 0 7 1
26 16 0 13 1
24 24 0 12 1
20 3 0 10 1
26 5 0 13 1
18 18 0 9 1
26 8 0 13 1
23 2 0 11 1
27 6 0 13 1
40 19 0 20 1
25 24 0 12 1
40 21 0 20 1
18 2 0 9 1
40 39 0 20 1
40 23 0 20 1
26 12 0 13 1
20 13 0 10 1
23 4 0 11 1
16 16 0 8 1
16 7 0 8 1
25 18 0 12 1
18 18 0 9 1
29 8 0 14 1
14 12 0 7 1
27 9 0 13 1
20 6 0 10 1
36 2 0 18 1
26 4 0 13 1
26 13 0 13 1
20 20 0 10 1
18 5 0 9 1
38 22 0 19 1
24 10 0 12 1
17 4 0 8 1
25 4 0 12 1
26 2 0 13 1
27 27 0 13 1
26 8 0 13 1
20 6 0 10 1
18 15 0 9 1
15 10 0 7 1
40 40 0 20 1
23 1 0 11 1
23 13 0 11 1
24 2 0 12 1
20 13 0 10 1
20 9 0 10 1
28 25 0 14 1
20 9 0 10 1
24 23 0 12 1
! Depositos: num. bicis buenas
0
! Vehiculos: capacidades
20
20
20
20
20
! Tiempo carga/descarga, tiempo maximo
0 240
! Num. matrices de tiempos
1
! matriz de tiempos: filas primero estaciones, luego depositos
0 29 23 34 23 23 25 24 21 18 30 20 19 33 20 24 24 28 38 38 25 21 28 24 21 24 20 19 28 34 21 25 29 32 22 23 25 21 32 22 30 30 34 34 40 29 32 31 36 25 40 24 31 26 27 25 25 33 26 38 43 33 24 27 36 28 42 31 32 22 25 34 38 28 42 34 28 33 30 31 34 30 23 43 34 35 26 24 35 30 32 
26 0 24 36 22 21 22 21 18 18 31 21 20 33 20 25 23 30 37 40 26 22 25 26 22 25 21 21 27 32 21 27 27 30 22 24 27 21 31 20 31 27 34 33 39 30 33 33 37 25 41 25 32 28 26 26 25 33 27 37 42 32 23 28 37 29 44 28 30 23 27 36 36 26 41 32 29 32 31 30 35 27 25 44 32 36 28 21 36 31 30 
27 29 0 33 25 21 24 23 20 19 30 21 20 31 19 25 25 27 40 38 23 21 27 23 22 25 20 18 30 35 22 24 29 31 22 23 24 19 33 21 30 29 35 32 38 30 32 30 35 26 39 25 31 25 25 25 26 33 26 39 44 31 23 27 37 29 41 29 31 22 24 33 38 28 43 33 26 34 30 29 35 28 22 41 32 35 27 23 35 31 31 
27 29 22 0 25 21 24 23 20 20 31 22 21 31 18 26 26 28 40 39 23 22 27 23 23 26 21 19 30 35 22 24 29 30 23 24 25 18 33 20 31 28 35 32 38 30 33 31 35 27 38 26 32 25 24 26 27 34 27 39 45 30 22 28 38 30 42 28 30 23 25 34 38 28 44 32 27 34 31 28 36 27 22 42 31 36 28 23 36 32 30 
27 26 25 37 0 22 22 21 19 17 32 21 19 34 21 25 21 30 36 41 27 21 25 26 22 25 21 22 26 31 21 28 26 30 22 23 28 22 30 20 31 27 34 34 40 29 33 34 38 24 42 25 32 29 27 26 25 32 26 36 41 33 24 27 37 29 45 28 30 23 28 37 35 25 41 32 30 31 30 31 35 27 25 45 32 35 27 21 35 30 31 
26 28 22 33 24 0 23 22 19 19 31 22 20 30 18 26 25 28 39 40 23 23 26 24 23 26 22 19 29 34 22 25 28 29 23 24 25 19 33 19 31 27 35 31 37 30 34 31 35 26 38 26 33 26 23 27 26 34 27 39 44 30 21 29 38 30 42 27 29 24 25 34 37 27 43 31 27 34 31 27 36 26 23 42 31 36 28 22 36 32 29 
27 26 24 36 22 21 0 20 18 18 32 21 20 33 20 26 22 30 36 41 26 22 24 26 23 26 21 22 26 31 21 27 26 29 23 24 28 21 30 19 32 26 34 33 39 30 34 34 38 24 41 25 33 29 26 27 26 33 27 37 41 33 23 28 37 29 45 27 29 24 28 37 35 25 41 31 30 31 31 30 36 26 25 45 31 36 28 20 36 31 30 
27 27 23 34 23 20 22 0 18 19 32 22 21 31 19 26 24 30 38 41 24 23 25 25 23 26 22 20 28 33 22 26 27 29 23 25 26 20 32 19 32 27 35 32 38 31 34 32 37 25 39 26 33 27 24 27 26 34 28 38 43 31 22 29 38 30 43 27 29 24 26 35 36 26 42 31 29 33 32 28 36 26 24 44 31 37 28 21 37 32 29 
27 27 24 36 23 21 22 20 0 19 33 22 21 33 20 26 23 31 37 41 26 23 23 26 23 26 22 21 27 32 22 27 26 28 24 25 28 21 31 18 32 26 35 33 39 31 34 33 38 25 41 26 34 28 26 27 26 34 28 38 42 32 23 29 38 30 44 27 28 24 27 36 34 25 42 30 30 32 32 30 36 25 25 45 30 37 29 20 37 32 30 
28 28 25 36 23 23 24 24 21 0 30 18 16 34 22 22 22 29 36 37 26 18 28 25 19 22 18 20 26 31 17 26 28 32 19 20 25 22 29 22 28 30 31 35 41 26 30 32 36 22 42 22 29 27 28 23 22 29 23 35 40 34 25 24 34 26 43 31 32 20 26 35 38 27 39 35 28 30 27 31 32 29 24 43 34 32 24 23 32 27 33 
28 30 23 34 25 23 26 25 21 19 0 20 20 33 20 24 25 26 39 36 24 20 28 22 20 24 18 18 30 35 21 24 31 32 21 21 23 20 32 22 28 30 34 34 40 29 30 29 35 25 40 24 29 25 27 23 25 33 23 38 44 32 24 25 35 27 40 30 32 20 24 32 39 30 42 34 26 33 28 31 34 30 22 41 34 33 25 25 33 28 32 
28 29 25 36 24 24 25 25 22 16 31 0 17 35 22 22 23 29 37 38 26 19 28 25 19 22 18 20 27 32 18 26 29 33 19 20 26 22 29 23 28 30 31 35 41 26 30 32 37 23 42 22 29 27 28 23 23 30 23 35 41 34 26 25 34 26 43 31 33 20 26 35 38 28 40 35 28 31 28 32 32 30 24 43 35 32 24 24 33 28 33 
31 30 29 40 26 26 27 26 24 19 35 22 0 38 26 27 23 33 37 42 30 23 27 30 23 25 22 25 26 31 19 31 27 33 20 24 30 27 28 23 32 30 31 38 44 28 34 36 41 21 46 23 34 32 31 25 22 30 28 34 40 38 29 29 35 27 47 32 32 25 31 39 37 27 38 35 33 29 31 35 33 29 29 48 35 34 26 22 36 28 36 
32 33 27 38 29 25 29 27 24 25 36 27 26 0 20 31 30 32 44 44 25 27 29 28 28 31 26 21 34 39 27 27 32 32 28 29 29 18 38 22 36 30 40 30 37 35 37 33 35 32 36 31 36 25 23 31 32 39 31 44 49 27 21 32 43 35 43 30 32 27 24 34 40 31 49 34 28 37 35 27 41 30 20 41 33 41 33 25 40 37 33 
29 30 23 34 26 22 26 24 21 21 32 23 22 30 0 27 27 29 41 40 22 24 27 24 24 27 23 18 31 36 23 24 30 30 24 25 26 17 34 20 32 28 36 31 38 32 34 30 34 28 37 27 33 25 24 27 28 35 28 41 46 29 22 29 39 31 41 28 30 24 24 33 38 28 45 32 26 35 32 28 37 28 22 41 32 37 29 23 37 33 31 
29 30 25 36 25 25 26 26 23 18 29 18 19 34 22 0 25 27 39 36 25 19 30 24 18 23 16 20 29 34 20 25 31 34 20 19 24 22 31 24 26 32 33 36 42 27 28 30 36 25 42 23 28 27 28 22 24 32 22 37 43 34 26 23 33 25 41 32 34 18 26 33 40 30 42 36 27 32 26 32 33 31 23 42 35 31 23 25 31 27 34 
28 26 26 37 22 22 23 22 20 18 33 21 20 34 22 25 0 31 36 41 27 22 24 27 22 25 21 23 25 30 21 28 25 29 23 24 28 23 29 20 31 26 34 34 41 30 33 35 39 23 42 25 32 29 27 26 25 32 27 36 40 34 25 28 37 29 45 28 29 23 28 37 34 24 40 32 31 30 31 31 35 26 26 46 31 36 28 19 36 30 32 
29 31 24 35 26 23 26 25 22 21 30 22 22 33 21 26 27 0 41 37 24 22 29 22 22 26 19 19 31 37 23 24 31 33 23 23 22 21 34 23 28 30 36 34 40 31 30 28 34 28 40 26 29 25 27 24 27 35 24 40 46 33 25 25 36 29 39 31 33 20 24 31 40 30 44 35 25 35 28 31 36 30 21 40 34 34 26 25 33 30 33 
28 27 26 37 23 23 24 23 20 16 32 19 18 35 22 23 21 30 0 39 27 20 26 26 20 23 19 21 25 31 19 27 26 31 20 22 27 23 29 21 29 28 32 35 41 27 31 33 38 22 43 23 30 28 28 24 23 31 24 35 41 35 25 26 35 27 44 29 31 21 27 36 36 26 39 33 29 30 29 32 33 28 25 44 32 34 25 21 34 29 33 
29 31 24 35 25 24 26 26 22 19 29 19 20 34 21 23 26 26 40 0 25 20 30 23 19 24 17 19 30 35 21 24 31 33 21 21 23 21 32 23 26 31 34 35 41 28 29 29 35 26 41 24 28 26 28 22 25 33 22 38 44 33 25 24 34 26 40 31 33 19 25 32 40 30 42 35 26 33 26 32 34 31 22 41 35 31 24 25 31 28 33 
28 30 23 34 26 22 25 24 21 21 31 22 22 29 17 27 26 28 41 39 0 23 27 23 23 27 21 16 31 36 23 22 30 30 24 25 25 17 34 20 31 28 36 31 38 31 33 28 33 28 36 27 32 23 24 26 27 35 26 40 46 29 22 27 39 30 39 28 30 23 22 31 38 28 45 32 25 35 30 28 37 28 20 40 32 36 28 23 35 32 31 
29 30 26 37 24 24 25 25 22 17 31 18 17 35 23 23 24 30 38 38 27 0 29 26 18 21 19 21 28 33 19 27 29 34 18 20 26 23 30 24 27 31 32 36 42 25 31 33 37 23 43 21 29 28 29 22 23 30 24 36 41 35 26 25 33 25 44 32 34 21 27 36 39 29 40 36 29 31 27 33 31 31 25 44 35 32 23 24 32 27 34 
28 27 25 37 24 22 23 21 19 19 33 22 21 33 21 27 22 32 37 42 27 23 0 28 23 26 22 23 26 31 22 28 25 29 24 25 29 22 30 19 32 25 35 34 40 31 34 35 39 24 41 26 34 30 26 28 26 33 28 37 41 33 24 29 38 30 46 27 28 25 29 38 34 24 41 30 31 31 32 30 36 25 26 46 30 37 29 19 37 31 31 
29 30 23 34 26 23 26 25 21 20 30 21 21 32 20 25 26 25 41 37 23 22 28 0 22 26 19 18 31 36 22 23 31 32 23 23 22 20 34 22 28 30 36 34 40 30 30 28 33 27 39 26 30 24 27 24 27 34 24 40 45 32 24 25 36 28 39 30 32 20 23 31 39 30 44 34 24 35 28 31 36 30 21 39 34 33 26 25 33 30 32 
30 30 26 37 25 25 26 26 23 17 30 18 18 36 23 22 24 29 38 37 27 17 30 26 0 22 18 21 28 34 20 27 30 34 19 18 25 23 31 24 25 32 32 37 43 26 29 32 37 24 43 21 28 28 30 20 23 31 22 37 42 35 27 24 32 24 43 33 34 20 27 35 40 30 41 37 28 32 26 34 31 32 25 43 36 30 22 25 31 25 35 
28 29 26 37 24 24 25 25 22 16 32 19 16 35 22 23 23 30 37 39 27 19 28 26 19 0 19 22 27 32 17 27 29 33 16 19 27 23 29 23 27 30 30 35 41 23 31 33 38 23 43 19 29 29 28 22 21 29 24 35 41 35 26 26 31 23 44 31 33 21 28 36 38 28 39 35 30 30 27 32 29 30 25 44 35 30 21 24 32 25 33 
31 32 26 37 27 26 28 27 24 19 30 20 20 35 23 24 26 27 40 36 26 21 31 23 20 25 0 21 30 35 22 25 32 35 22 21 23 22 33 25 27 33 35 37 43 28 28 29 35 26 42 24 27 27 29 22 26 33 21 39 44 34 27 22 34 26 40 33 35 18 25 32 42 31 43 37 26 34 25 33 34 32 22 41 36 31 23 27 30 27 35 
29 31 24 35 27 23 26 25 22 21 31 22 22 30 18 26 27 27 41 39 21 23 28 23 23 27 21 0 31 37 23 22 31 31 24 24 24 17 34 21 30 29 36 32 39 31 32 28 32 28 37 27 31 22 25 26 27 35 26 40 46 29 23 27 38 30 39 29 31 22 21 31 39 29 45 33 24 35 30 29 37 29 19 39 33 35 28 24 35 32 32 
29 28 27 38 24 24 24 23 21 17 33 20 19 35 23 24 20 31 35 40 28 21 25 28 21 24 20 23 0 29 20 29 25 31 21 23 28 24 27 21 30 27 32 36 42 28 32 34 39 21 44 23 32 30 29 26 22 30 26 34 39 35 26 27 35 27 45 29 30 23 29 37 34 25 38 32 31 29 30 33 33 26 27 46 33 34 26 20 35 28 33 
30 29 28 39 25 24 25 23 22 18 34 21 19 35 23 25 21 32 35 41 29 22 24 28 22 25 21 23 23 0 20 29 24 30 21 24 29 24 27 21 31 26 32 36 42 29 33 35 40 21 44 23 32 30 28 26 23 30 26 34 39 35 26 28 35 28 46 29 29 23 29 38 34 24 38 32 31 29 31 32 33 26 27 46 32 34 26 19 36 28 34 
29 29 26 37 24 24 25 25 22 16 32 19 16 35 23 23 23 30 37 39 27 20 28 27 20 22 19 22 27 32 0 28 29 33 17 21 27 24 29 23 29 31 28 36 42 25 31 33 38 23 43 20 31 29 28 22 20 27 25 34 41 35 26 26 32 24 44 32 33 22 28 36 38 28 38 35 30 29 28 32 30 30 26 45 35 31 23 24 33 25 34 
30 32 24 35 27 23 27 26 23 22 31 23 22 31 19 27 28 27 42 38 22 23 29 22 23 27 20 17 32 38 24 0 32 32 25 24 23 18 35 22 30 30 37 33 39 32 31 27 31 28 38 27 30 23 26 25 28 36 24 41 47 30 24 26 37 30 38 30 32 21 21 30 40 30 45 34 23 36 28 30 37 29 19 38 33 34 27 25 34 31 32 
29 29 27 38 25 23 24 22 21 20 35 23 21 34 22 27 21 33 37 43 28 24 23 29 24 27 23 24 25 29 22 30 0 29 23 25 30 23 29 20 33 25 34 35 41 31 35 36 40 23 43 25 34 31 27 28 25 32 28 36 39 34 25 30 37 29 47 28 28 25 30 39 32 22 40 31 32 29 32 31 35 25 27 47 31 36 28 18 37 30 33 
29 28 26 37 25 22 24 21 19 21 35 24 22 32 19 28 24 32 38 43 25 25 23 28 25 28 24 21 28 32 24 27 26 0 25 26 29 20 32 16 34 24 37 32 38 32 36 33 37 26 40 28 35 28 25 29 28 35 29 39 42 31 22 31 40 32 44 25 26 26 27 36 34 24 42 28 29 31 33 29 38 24 25 44 28 38 30 19 39 33 30 
29 30 27 38 25 25 26 25 22 17 33 20 17 36 23 24 24 31 38 40 28 19 29 27 20 20 20 23 28 33 17 28 29 34 0 20 28 24 30 24 28 31 29 36 42 23 32 34 39 23 44 18 30 29 29 21 20 28 25 34 41 36 26 27 30 22 45 32 34 22 28 37 39 29 38 36 31 29 27 33 28 31 26 45 36 29 21 24 32 24 34 
31 31 27 38 26 26 27 27 24 18 32 19 19 37 24 23 25 30 39 39 28 18 30 27 18 23 19 23 29 34 20 28 31 35 18 0 27 24 32 25 26 33 32 38 44 25 31 33 38 25 44 21 28 29 30 21 23 30 23 37 43 36 28 26 32 24 44 34 35 21 28 36 41 30 41 37 29 32 26 34 31 32 26 44 37 31 22 26 31 26 36 
30 31 24 35 27 24 27 26 22 21 30 21 22 33 21 25 28 26 42 37 24 22 30 22 22 27 20 19 32 37 23 23 32 33 23 23 0 21 34 23 29 31 36 35 41 30 29 27 33 28 40 26 29 25 28 23 28 35 23 40 46 32 25 24 36 28 38 31 33 19 23 30 41 31 45 35 24 36 27 32 36 31 21 39 35 33 25 26 32 29 33 
30 31 24 35 27 23 26 25 22 23 33 24 24 29 18 28 28 30 42 42 23 25 27 26 25 28 24 18 32 37 25 25 30 30 26 27 27 0 36 20 33 28 38 29 36 33 35 31 34 29 36 28 34 24 23 29 29 37 29 42 47 28 20 30 40 32 41 28 30 25 23 33 38 29 46 32 26 35 33 27 38 28 21 40 32 39 31 23 38 34 31 
29 28 27 38 24 24 25 23 21 17 33 20 19 36 23 24 21 31 34 40 28 21 26 27 21 24 20 22 24 29 20 28 26 31 21 23 28 24 0 21 30 28 32 36 42 28 32 34 39 21 44 23 31 29 29 25 23 30 25 34 40 35 26 27 35 28 45 29 31 22 28 37 36 26 38 33 30 29 30 33 33 28 26 45 33 34 26 21 35 28 33 
29 29 26 37 25 22 24 21 20 21 35 24 23 31 19 28 24 32 39 43 25 25 24 28 25 28 24 21 28 33 24 27 27 26 25 27 29 20 32 0 34 24 37 32 38 33 36 33 37 27 40 28 35 28 24 29 28 36 30 39 43 31 22 31 40 32 44 24 26 26 27 36 34 25 42 28 29 31 34 28 38 23 24 44 27 39 30 19 39 34 30 
31 31 27 38 26 26 27 27 24 18 31 19 19 36 24 23 25 28 39 37 27 19 31 25 18 24 18 22 30 35 21 26 31 35 20 19 24 24 32 25 0 33 34 37 43 27 28 31 36 25 43 23 26 28 30 20 24 32 21 38 43 35 27 23 32 25 42 34 35 19 26 34 41 31 42 38 27 33 24 34 33 33 24 42 37 30 22 26 29 26 35 
30 29 26 37 25 22 24 21 20 21 35 24 23 32 19 28 23 32 39 43 25 25 22 28 25 28 24 22 27 32 24 27 26 26 25 27 29 21 31 17 34 0 36 32 38 33 36 33 38 26 40 28 35 28 25 29 27 34 30 38 42 32 22 31 40 32 44 25 25 26 27 36 33 23 41 28 30 30 34 29 37 23 25 45 29 39 30 18 39 32 30 
29 31 27 38 25 25 26 26 23 17 33 20 17 36 23 24 24 31 37 40 28 21 28 27 21 22 20 23 26 31 16 29 28 34 17 21 28 24 28 24 29 30 0 37 43 25 32 34 39 22 44 19 31 30 29 22 18 26 26 33 40 36 27 27 31 23 45 32 33 22 29 37 37 27 37 35 31 28 28 33 29 29 26 45 35 30 22 23 34 24 34 
30 31 26 37 27 23 27 25 22 23 35 26 24 28 19 30 27 32 42 43 25 26 27 27 27 30 26 20 32 36 26 26 30 30 27 28 29 18 36 20 35 28 39 0 35 34 37 32 35 30 36 30 36 26 21 30 30 37 30 42 47 28 19 32 42 34 43 28 30 27 24 34 38 28 46 32 27 35 34 25 40 28 21 42 32 40 32 23 39 35 31 
30 31 26 37 27 23 27 24 22 23 35 25 24 29 19 30 27 32 41 43 25 26 26 28 27 30 25 21 31 36 25 27 29 29 27 28 29 19 35 19 35 27 38 29 0 34 37 33 36 29 37 29 36 26 21 30 30 37 31 42 46 28 18 32 41 33 44 27 29 27 25 35 37 28 46 31 28 34 35 25 40 27 22 42 31 40 32 22 40 35 30 
31 32 28 39 26 26 27 27 24 18 33 20 18 38 25 24 25 31 39 40 29 19 30 28 19 22 20 24 29 34 18 29 30 35 17 19 28 26 31 26 27 32 30 38 44 0 32 34 39 24 45 18 30 31 31 21 20 28 24 35 42 37 28 27 30 22 45 34 35 22 29 37 40 30 39 38 31 30 26 35 28 32 27 45 37 29 21 25 31 24 36 
31 31 26 37 26 26 27 27 24 18 31 19 19 35 23 23 25 28 39 37 26 20 31 24 19 24 18 21 30 35 21 25 31 35 21 20 23 23 32 25 26 33 34 37 43 27 0 30 35 25 42 23 26 27 30 21 25 32 20 38 43 34 27 22 33 25 41 33 35 17 25 33 41 31 42 37 26 33 24 34 33 33 23 41 37 30 22 26 29 26 35 
31 33 25 36 28 25 28 27 24 22 32 22 22 32 20 26 29 28 43 38 24 23 30 23 22 27 21 18 33 38 24 22 33 33 24 23 22 20 35 23 29 31 37 34 41 30 30 0 32 28 39 26 29 24 27 24 28 36 23 41 46 31 25 25 36 28 36 32 33 20 22 29 41 32 45 35 23 36 27 31 36 31 19 37 35 33 26 27 32 29 34 
31 33 26 36 28 25 28 27 24 23 32 24 24 29 20 28 29 28 43 39 23 25 30 24 24 28 22 17 33 39 25 22 33 33 26 26 25 18 36 23 31 30 38 31 38 33 33 28 0 29 37 28 32 21 25 27 29 37 26 42 48 29 23 28 39 31 39 31 32 23 20 30 41 31 46 35 23 37 30 29 38 30 18 38 34 36 29 26 35 32 33 
31 30 29 40 26 26 27 26 24 19 35 22 20 38 25 26 23 33 37 42 30 23 26 29 23 25 22 25 26 31 19 30 27 33 20 24 30 26 28 23 32 29 31 38 44 28 34 36 41 0 46 22 33 32 31 25 21 29 28 32 39 37 28 29 34 26 47 31 32 24 31 39 36 26 37 34 33 28 31 35 32 28 28 47 35 33 25 22 36 27 36 
30 32 25 36 28 24 27 26 23 23 33 25 24 27 19 29 28 30 43 41 23 25 29 26 26 29 24 18 33 38 25 24 32 32 26 27 27 16 36 22 33 30 38 30 37 33 35 31 33 30 0 29 34 23 22 29 29 37 28 42 48 27 21 30 41 33 41 30 32 25 22 32 40 30 47 34 25 37 32 27 39 29 19 39 33 38 31 25 38 34 32 
31 31 28 39 26 26 27 27 24 18 34 21 18 37 24 25 25 32 39 41 29 21 30 29 21 21 21 24 29 34 18 30 31 35 17 21 29 26 31 25 28 33 30 38 44 23 33 35 40 25 45 0 30 31 30 20 18 29 25 36 43 37 28 28 29 21 46 33 35 23 30 38 40 30 40 37 32 30 27 34 27 32 28 46 37 28 20 25 32 23 36 
32 33 27 38 28 27 29 28 25 20 32 20 20 36 24 24 27 29 41 38 28 20 32 25 19 25 19 22 31 36 22 26 32 36 21 19 25 24 33 26 25 34 35 38 44 26 28 31 36 26 44 22 0 28 31 19 24 33 21 39 45 36 28 24 32 24 42 34 36 19 26 34 42 32 43 38 27 34 23 35 32 34 24 42 38 29 21 27 28 25 36 
31 33 26 37 29 25 28 27 24 23 33 24 24 29 20 28 29 29 43 40 23 25 30 24 25 29 22 17 33 39 25 23 33 33 26 26 25 18 36 23 32 31 38 31 38 33 33 29 30 30 36 29 32 0 24 27 30 37 26 42 48 28 22 27 39 31 38 31 33 23 19 29 41 31 47 35 23 37 30 28 39 30 17 37 35 36 29 26 35 32 33 
31 32 27 38 28 24 28 25 23 24 36 26 25 29 20 31 28 33 43 44 26 27 28 29 28 31 26 22 32 37 26 28 31 31 28 29 30 19 37 21 36 29 39 30 35 35 38 34 37 31 38 31 37 27 0 32 31 38 32 43 47 28 20 33 42 35 44 29 31 28 25 35 39 29 47 33 29 36 36 25 41 29 22 43 32 41 33 24 41 36 32 
32 33 28 39 28 28 29 28 25 20 33 20 20 38 25 24 27 30 41 39 29 20 32 26 19 24 20 24 31 36 20 28 32 37 19 18 26 25 33 27 26 34 32 39 45 24 30 32 38 26 45 20 28 30 32 0 21 31 22 37 44 37 29 25 29 22 43 35 37 21 28 35 42 32 41 39 29 32 24 36 30 34 25 44 39 27 20 27 29 23 37 
32 32 29 40 27 27 28 28 25 19 35 22 20 38 26 27 26 33 40 42 30 22 31 30 22 23 22 25 30 35 19 31 31 36 18 22 30 27 32 26 29 34 32 39 45 24 34 36 41 25 46 18 31 32 31 21 0 30 26 36 44 38 29 29 30 22 47 35 36 24 31 39 41 30 40 38 33 31 27 35 28 33 29 47 38 29 21 25 32 24 37 
32 31 29 41 26 27 27 26 24 19 35 23 19 38 26 27 24 34 37 42 31 23 28 30 23 24 23 25 26 31 19 31 28 34 19 23 30 27 28 24 31 30 30 39 45 27 35 37 42 22 47 21 34 32 32 24 20 0 28 33 40 38 29 29 33 25 48 32 33 25 31 40 37 27 37 35 33 28 30 36 31 29 29 48 36 32 24 23 35 26 36 
32 33 27 38 28 27 29 28 25 20 32 20 21 36 24 24 27 29 41 38 28 21 32 25 20 25 19 22 31 36 22 26 32 36 22 21 25 24 33 26 27 34 35 38 44 28 27 31 36 26 44 24 26 28 31 21 25 34 0 39 45 36 28 22 33 25 41 34 36 17 26 34 42 32 43 38 28 34 24 35 34 34 24 42 38 30 23 27 29 26 36 
31 30 29 40 26 26 27 25 23 19 35 22 19 38 25 26 23 33 36 42 30 23 26 29 23 24 22 25 25 30 18 30 26 32 19 23 30 26 27 23 31 29 30 38 44 27 34 36 41 20 46 21 33 31 31 24 20 28 28 0 38 37 28 29 33 25 47 31 32 24 30 39 36 26 35 34 33 26 30 35 31 28 28 47 35 32 24 21 35 26 35 
31 30 29 40 26 26 27 25 23 19 35 22 21 37 24 26 23 33 36 42 30 23 26 29 23 26 22 25 25 30 21 30 25 32 22 25 30 25 28 22 32 28 32 37 43 29 34 36 41 22 45 24 33 31 30 27 23 31 28 34 0 37 27 29 36 28 47 30 30 24 30 39 33 23 38 32 33 27 32 34 34 25 28 47 34 35 26 18 37 29 35 
31 32 25 36 28 24 27 25 23 24 34 25 24 26 19 29 28 31 43 42 24 26 28 27 26 29 25 19 32 37 26 25 31 31 27 28 28 17 37 21 34 29 39 29 36 34 36 31 34 30 34 29 35 24 21 30 30 38 29 43 47 0 20 30 41 33 41 29 31 26 22 32 39 29 47 33 26 36 33 25 39 29 19 40 32 39 32 24 38 35 32 
32 33 28 39 29 25 29 26 24 25 37 27 26 29 21 32 29 34 44 45 27 28 29 30 29 32 27 22 33 38 27 28 32 32 29 30 31 20 38 22 37 30 40 31 36 36 39 35 37 32 38 32 38 27 22 33 32 39 32 44 48 28 0 34 44 36 44 28 32 29 25 35 40 30 48 33 29 37 36 25 42 30 22 43 31 42 34 25 42 37 33 
32 32 27 38 27 27 28 28 25 19 32 20 20 36 24 24 26 29 40 38 27 20 32 25 20 25 19 22 30 35 21 26 32 36 22 21 24 24 33 26 27 34 35 38 44 28 26 31 36 26 43 24 27 28 30 21 26 33 21 39 44 35 28 0 34 26 41 34 36 17 26 34 42 31 43 38 27 34 25 34 34 33 24 42 38 31 23 27 30 27 36 
32 33 29 40 28 28 29 28 25 20 34 21 20 38 26 25 27 31 41 40 30 20 32 27 20 23 21 24 30 35 19 28 32 37 18 19 27 26 32 27 27 34 31 39 45 22 31 33 39 26 46 18 28 30 32 18 20 30 23 36 44 38 29 26 0 20 44 35 37 21 29 36 41 31 41 39 30 32 25 36 28 33 26 44 38 26 18 26 30 22 37 
32 33 30 41 28 27 29 28 25 20 34 21 20 39 26 25 27 31 41 40 30 20 32 28 21 23 21 25 30 35 19 29 32 37 18 19 28 27 32 27 27 34 31 39 45 22 31 34 39 26 46 18 29 31 32 19 20 30 24 36 44 38 29 27 28 0 45 35 37 22 29 37 41 31 41 39 30 32 25 36 28 33 27 45 38 27 18 26 30 22 37 
34 35 28 39 31 28 31 29 26 24 34 24 25 34 23 28 31 30 45 41 26 25 33 25 24 30 23 21 35 40 26 25 36 36 26 26 24 22 37 26 31 34 39 36 43 33 32 28 34 31 41 29 31 26 29 26 30 38 26 43 49 33 27 26 38 31 0 34 36 21 23 31 44 34 48 38 23 38 30 33 39 34 21 38 38 36 28 29 35 32 37 
31 30 27 38 26 24 25 22 21 22 36 25 24 33 20 29 25 33 40 45 26 26 25 29 26 29 25 22 29 34 25 28 28 28 27 28 30 21 34 17 35 25 38 33 39 34 37 34 38 28 41 29 37 29 26 30 29 37 31 41 44 32 23 32 41 33 45 0 26 27 28 37 36 26 44 28 30 33 35 28 39 24 26 45 26 40 32 21 40 35 31 
31 31 28 39 27 24 26 23 21 23 37 26 25 33 21 30 26 34 40 45 27 27 25 30 27 30 26 23 29 34 26 28 28 28 27 29 31 22 33 18 36 24 38 34 40 35 38 35 39 28 41 30 37 30 26 31 29 37 32 40 43 33 24 33 42 34 46 25 0 28 29 38 34 24 42 26 31 31 36 30 39 22 26 46 28 41 32 19 41 35 32 
32 33 28 39 28 27 29 29 26 20 32 20 21 36 25 24 27 29 41 38 28 21 32 25 21 26 19 23 31 36 22 26 33 37 22 22 25 24 33 27 27 34 35 38 44 29 27 31 37 27 44 25 27 28 31 22 26 34 22 39 45 36 29 21 34 27 40 35 36 0 27 34 42 32 44 39 27 34 26 35 35 34 24 42 38 32 24 28 31 28 36 
32 34 27 38 30 26 29 28 25 24 34 24 25 29 21 28 30 30 44 41 24 25 31 25 25 30 23 18 34 40 26 24 34 34 26 26 24 19 37 24 31 32 39 32 39 33 32 28 31 31 37 29 31 21 25 26 30 38 26 43 49 29 23 27 39 31 38 32 34 22 0 29 42 32 48 36 23 38 30 29 39 31 16 36 35 36 28 27 35 32 34 
32 34 27 38 29 26 29 28 25 23 33 23 23 31 21 27 30 29 44 40 25 24 32 24 23 28 22 19 34 39 25 23 34 35 25 24 23 19 36 24 30 32 38 33 40 32 31 27 31 29 38 28 30 22 26 25 29 37 24 42 48 30 24 26 37 29 36 33 34 21 20 0 43 33 46 37 22 37 28 30 38 32 18 36 36 34 27 28 33 31 35 
32 32 29 40 28 25 27 24 23 24 38 27 25 35 23 31 26 36 41 46 29 28 26 31 28 31 27 25 29 34 26 30 27 30 27 29 32 24 33 20 37 26 38 35 42 35 39 37 41 27 43 29 38 31 28 32 28 36 32 39 41 35 26 34 41 33 48 28 27 29 31 40 0 22 41 30 33 29 36 32 39 23 28 48 32 40 32 16 41 34 33 
31 30 28 40 27 25 26 24 22 22 36 25 24 36 23 29 24 35 40 45 29 26 25 30 26 29 25 25 28 32 24 31 25 30 25 28 32 24 31 20 35 26 36 36 42 33 37 37 41 25 44 27 36 32 29 30 26 34 31 37 39 35 26 32 39 31 48 29 28 27 31 40 31 0 38 31 33 27 35 33 37 24 29 48 32 38 30 16 40 32 34 
33 32 31 42 28 28 29 28 26 21 37 24 22 40 27 28 25 35 39 44 32 25 28 32 25 27 24 27 28 33 21 33 28 35 22 26 32 28 30 25 34 31 32 40 46 29 36 38 43 23 48 24 36 34 33 27 23 31 30 34 39 39 30 31 36 28 49 33 32 26 33 41 36 26 0 35 35 26 33 37 33 28 31 49 36 35 26 21 38 28 38 
32 31 28 39 27 24 26 23 22 23 37 26 25 33 21 30 26 34 41 46 27 27 25 30 27 30 26 23 29 34 26 29 28 28 28 29 31 22 34 18 36 25 39 34 40 35 38 35 39 28 42 30 37 30 27 31 29 37 32 40 44 33 24 33 42 34 46 24 25 28 29 38 35 25 43 0 31 32 36 30 40 23 27 46 28 41 33 20 41 35 32 
33 34 27 38 30 26 30 28 25 24 34 24 25 31 21 28 30 30 45 41 25 25 31 25 24 29 23 19 35 40 26 24 34 34 26 26 24 20 37 24 31 32 39 33 40 33 32 28 31 31 38 29 31 23 26 26 30 38 25 43 49 30 24 27 38 31 37 32 34 22 21 29 42 33 47 36 0 38 30 30 39 32 19 36 36 36 28 27 35 32 35 
31 30 29 40 26 26 27 26 24 19 35 22 21 38 25 26 23 33 37 42 30 23 26 29 23 26 22 25 26 31 21 31 26 32 22 25 30 26 28 23 32 29 33 38 44 30 34 36 41 22 46 24 34 32 31 27 23 31 28 34 36 37 28 29 36 28 47 31 30 24 31 39 34 24 38 33 33 0 32 35 34 26 28 47 34 35 27 19 37 29 36 
34 34 29 40 29 29 30 30 27 21 34 22 22 38 26 26 28 30 42 40 29 22 33 26 21 26 21 24 32 37 22 28 34 38 21 20 26 25 34 28 27 36 34 40 46 25 30 32 38 28 45 22 28 30 32 19 23 33 22 39 46 37 30 25 31 23 43 36 38 21 28 35 43 33 43 40 29 35 0 36 31 35 26 44 39 28 20 29 29 24 38 
32 33 28 39 29 25 28 26 24 25 37 27 26 28 21 31 29 34 44 45 27 28 29 29 28 31 27 22 33 38 27 28 32 32 29 30 31 20 37 22 37 30 40 31 36 36 39 34 36 31 37 31 38 26 22 32 32 39 32 44 48 28 20 33 43 35 44 28 31 29 25 35 40 30 48 33 29 37 36 0 41 29 22 42 31 42 34 25 41 37 32 
33 33 30 41 28 28 29 29 26 20 36 23 20 39 27 27 27 34 40 43 31 22 30 30 23 24 23 26 29 34 20 31 30 36 19 22 30 28 31 27 30 33 32 40 46 24 34 36 42 24 47 19 32 33 32 21 19 31 26 35 43 39 30 29 31 22 47 35 36 25 32 39 40 29 39 38 33 30 28 36 0 32 29 48 39 29 21 24 33 21 38 
31 31 28 39 27 24 26 23 21 23 37 26 25 34 21 30 25 34 40 45 27 27 24 30 27 30 26 23 29 34 26 29 27 28 27 29 31 22 33 18 36 25 38 34 40 35 38 35 40 27 42 29 37 30 27 31 28 36 32 39 41 33 24 33 41 33 46 26 25 28 29 38 33 23 41 28 32 30 36 31 39 0 27 46 29 40 32 18 41 34 32 
33 35 27 38 30 26 30 29 26 25 34 25 25 29 22 29 31 30 45 42 25 26 31 26 25 30 24 19 35 41 27 24 34 34 27 27 25 19 38 24 32 32 40 32 39 34 33 29 31 31 37 30 32 22 25 27 31 39 26 44 50 29 23 28 39 32 39 32 34 23 19 30 42 33 48 36 23 39 30 29 40 32 0 37 35 36 29 27 36 33 35 
33 35 27 38 30 27 30 29 26 23 34 24 24 31 22 28 30 29 44 40 26 25 32 25 24 29 23 20 34 40 26 24 35 35 26 25 24 20 37 25 31 33 39 33 40 32 32 27 32 30 38 28 31 23 26 26 30 37 25 43 48 30 25 26 38 30 37 33 35 22 20 28 43 33 47 37 22 38 29 30 38 33 17 0 36 35 27 28 34 31 36 
31 30 28 39 27 24 26 23 21 23 37 26 24 32 21 30 26 34 40 45 26 27 26 29 27 30 26 23 30 35 26 28 29 28 27 28 31 22 34 17 36 26 39 33 39 34 38 34 39 28 41 30 37 29 26 31 30 37 31 41 45 32 23 33 42 34 45 23 26 28 28 37 36 26 44 28 31 33 35 28 40 24 26 46 0 40 32 21 40 35 31 
33 34 29 40 29 29 30 29 26 21 33 21 21 38 26 25 28 30 42 39 29 21 33 26 20 24 20 24 31 36 20 28 33 38 19 19 26 25 33 28 26 35 32 40 46 23 30 32 38 27 45 19 28 30 32 18 21 31 22 38 45 37 30 25 29 21 43 36 38 21 28 35 42 32 42 40 29 33 24 36 29 34 25 44 39 0 18 28 29 22 38 
33 33 30 42 28 28 29 29 26 20 35 23 21 40 27 27 27 33 41 42 32 22 32 29 22 24 22 26 30 35 20 31 32 37 19 21 29 28 33 28 29 34 32 40 46 23 33 36 41 25 48 19 31 33 33 21 20 31 26 36 44 39 30 28 30 21 47 36 37 24 31 39 41 31 40 39 32 31 27 37 28 33 29 47 39 29 0 26 32 20 38 
31 30 29 40 27 25 26 24 22 22 37 26 24 35 23 30 25 35 40 45 29 26 25 31 27 30 26 25 28 33 25 30 26 30 26 28 32 24 32 20 36 26 37 36 42 34 38 37 41 26 43 28 37 32 28 31 27 35 31 38 40 35 26 32 40 32 48 28 27 28 31 40 30 21 39 30 33 28 35 32 38 23 28 48 32 39 31 0 40 33 34 
36 36 31 42 31 31 32 32 29 23 36 24 23 40 28 28 30 32 44 42 31 24 35 29 23 27 23 26 34 39 23 30 35 40 22 22 28 28 36 30 29 38 35 42 48 25 32 35 40 29 47 22 30 32 34 21 23 34 24 40 48 39 32 27 31 23 46 38 40 22 30 38 45 34 44 42 31 35 24 38 32 37 28 46 42 28 20 30 0 24 40 
33 34 31 42 29 29 30 29 27 21 36 23 21 40 27 27 28 34 41 42 32 22 31 30 22 24 23 27 30 35 21 31 31 37 19 22 30 28 32 28 29 34 33 40 46 24 34 36 41 25 48 19 31 33 33 21 20 32 26 36 43 40 30 29 30 22 47 36 36 24 31 39 40 30 40 39 33 30 27 37 28 33 29 47 40 29 21 25 33 0 38 
29 29 25 36 26 22 25 22 20 22 34 24 23 30 17 28 25 31 39 42 23 25 25 26 25 28 24 19 29 34 24 25 28 28 26 27 28 18 33 17 34 25 37 30 36 33 36 31 36 27 38 28 35 26 23 29 29 36 29 40 44 30 20 31 40 32 42 26 27 26 25 34 36 26 44 30 28 33 33 27 38 25 23 43 29 39 31 21 38 34 0 
