! Tipo tiempos viaje. Tipo m: matriz de tiempos, Tipo c: coordenadas (se supone tiempo=distancia euclidea)
m
! Num. estaciones, num. depositos, num. vehiculos
20 1 3
! Estaciones: capacidad, bicis buenas, bicis averiadas, objetivo bicis buenas, peso
16 0 0 8 1
24 24 0 12 1
21 17 0 10 1
36 17 0 18 1
20 11 0 10 1
20 17 0 10 1
18 4 0 9 1
28 0 0 14 1
24 4 0 12 1
21 0 0 10 1
15 12 0 7 1
28 5 0 14 1
31 11 0 15 1
27 16 0 13 1
20 12 0 10 1
20 15 0 10 1
38 36 0 19 1
22 2 0 11 1
18 13 0 9 1
31 20 0 15 1
! Depositos: num. bicis buenas
0
! Vehiculos: capacidades
20
20
20
! Tiempo carga/descarga, tiempo maximo
0 240
! Num. matrices de tiempos
1
! matriz de tiempos: filas primero estaciones, luego depositos
0 25 21 27 19 29 25 29 19 29 25 28 25 34 20 21 25 28 30 22 20 
25 0 26 33 22 29 26 31 24 32 31 23 25 29 24 27 28 32 26 20 27 
19 25 0 29 17 29 25 30 20 27 26 27 25 34 18 22 26 29 30 21 21 
18 27 22 0 17 30 27 28 18 28 24 29 27 35 18 20 24 26 30 21 22 
20 27 23 29 0 30 27 31 21 26 27 29 27 35 18 21 27 29 31 23 24 
23 22 23 31 20 0 24 29 22 30 29 25 22 31 21 25 26 30 27 19 24 
21 23 22 30 19 26 0 30 22 29 27 25 23 31 20 24 27 30 27 20 23 
22 24 23 30 20 27 24 0 21 30 28 26 24 32 21 24 25 29 28 19 24 
19 25 22 27 19 30 26 26 0 30 24 28 24 34 20 20 21 26 27 18 20 
19 25 22 29 17 29 25 30 21 0 26 28 25 34 17 21 26 29 30 22 23 
19 28 24 24 19 32 28 28 19 30 0 31 27 37 18 17 24 25 30 21 23 
23 23 23 31 20 28 24 31 23 30 29 0 24 31 21 25 29 31 28 21 24 
23 23 25 29 22 29 26 27 20 32 27 26 0 32 23 23 24 28 26 17 25 
24 20 24 32 21 28 25 32 24 31 30 21 25 0 22 26 29 33 26 21 25 
20 28 25 28 18 32 28 31 21 28 26 30 28 37 0 18 26 29 32 23 24 
21 29 26 26 21 33 30 30 21 31 23 32 29 38 17 0 25 27 32 22 24 
20 24 23 26 20 29 25 25 16 30 24 28 24 34 20 20 0 25 27 18 21 
20 28 25 25 20 32 29 28 19 31 23 31 27 37 20 19 24 0 30 21 23 
24 21 26 31 22 29 27 29 22 33 28 24 23 30 24 24 26 30 0 18 26 
22 23 26 29 22 30 27 27 20 33 26 26 23 33 23 22 24 28 26 0 24 
18 27 23 26 18 31 27 27 17 29 23 30 26 36 18 19 23 26 29 20 0 
