! Tipo tiempos viaje. Tipo m: matriz de tiempos, Tipo c: coordenadas (se supone tiempo=distancia euclidea)
m
! Num. estaciones, num. depositos, num. vehiculos
20 1 2
! Estaciones: capacidad, bicis buenas, bicis averiadas, objetivo bicis buenas, peso
26 19 0 13 1
16 14 0 8 1
23 0 0 11 1
16 5 0 8 1
26 19 0 13 1
26 15 0 13 1
20 0 0 10 1
40 15 0 20 1
21 21 0 10 1
20 7 0 10 1
20 0 0 10 1
40 35 0 20 1
30 18 0 15 1
20 14 0 10 1
20 17 0 10 1
24 13 0 12 1
20 1 0 10 1
24 2 0 12 1
20 18 0 10 1
26 5 0 13 1
! Depositos: num. bicis buenas
0
! Vehiculos: capacidades
20
20
! Tiempo carga/descarga, tiempo maximo
0 240
! Num. matrices de tiempos
1
! matriz de tiempos: filas primero estaciones, luego depositos
0 17 21 41 23 36 24 19 30 27 30 38 39 37 43 24 32 29 38 33 22 
22 0 20 40 21 36 24 19 30 27 30 37 40 36 43 24 32 29 38 32 22 
22 16 0 39 22 35 23 18 29 26 29 37 39 36 42 23 31 28 37 32 21 
29 23 26 0 29 37 23 22 30 28 33 40 41 38 44 25 33 30 39 34 26 
25 18 23 43 0 39 26 22 33 30 32 40 42 39 46 26 34 32 40 35 24 
27 22 25 41 27 0 24 20 30 24 30 38 29 34 40 20 29 26 35 29 24 
28 22 25 36 28 36 0 21 26 27 32 39 40 36 43 23 31 29 37 32 25 
28 22 25 37 28 36 21 0 27 27 27 35 40 37 43 24 32 29 38 33 25 
28 23 26 36 28 37 20 22 0 27 32 40 40 37 43 24 32 29 38 33 25 
31 26 29 45 31 30 28 24 35 0 34 42 33 29 37 24 33 26 30 33 28 
29 24 27 37 29 38 24 23 30 28 0 41 41 38 44 25 33 30 39 34 26 
29 24 27 37 30 38 24 23 30 29 26 0 41 38 45 25 33 31 39 34 27 
27 22 25 41 28 32 24 20 31 23 31 38 0 32 39 19 27 25 33 28 25 
31 25 28 45 31 29 28 23 34 20 34 42 33 0 36 24 32 25 30 33 28 
30 24 27 43 30 30 27 22 33 21 33 40 34 29 0 23 32 24 31 32 27 
29 23 26 42 29 33 26 21 32 24 32 40 37 33 40 0 31 25 35 26 26 
26 21 24 40 27 31 24 19 30 22 30 37 35 31 38 20 0 24 33 29 24 
28 22 25 42 28 33 25 20 31 23 31 39 36 32 38 21 30 0 34 30 25 
31 25 28 44 31 29 28 23 34 20 34 42 32 29 37 24 32 26 0 33 28 
29 24 27 43 30 34 26 22 33 25 33 40 37 34 41 18 31 26 35 0 27 
23 17 20 39 23 35 22 18 29 26 29 36 38 35 42 22 30 28 36 31 0 
