! Tipo tiempos viaje. Tipo m: matriz de tiempos, Tipo c: coordenadas (se supone tiempo=distancia euclidea)
m
! Num. estaciones, num. depositos, num. vehiculos
28 1 2
! Estaciones: capacidad, bicis buenas, bicis averiadas, objetivo bicis buenas, peso
10 6 0 6 1
10 6 0 6 1
10 5 0 5 1
10 4 0 7 1
10 6 0 8 1
20 10 0 10 1
10 7 0 7 1
15 7 0 7 1
20 11 0 12 1
20 8 0 14 1
20 6 0 11 1
20 6 0 11 1
20 8 0 13 1
30 10 0 14 1
20 0 0 15 1
10 9 0 5 1
20 5 0 10 1
10 5 0 5 1
20 6 0 12 1
20 6 0 9 1
20 10 0 8 1
20 9 0 10 1
30 10 0 19 1
20 7 0 11 1
20 9 0 9 1
20 11 0 13 1
10 5 0 4 1
20 9 0 11 1
! Depositos: num. bicis buenas
10
! Vehiculos: capacidades
20
20
! Tiempo carga/descarga, tiempo maximo
1 120
! Num. matrices de tiempos
1
! matriz de tiempos: filas primero estaciones, luego depositos
0 6 4 5 8 6 8 9 12 11 9 10 10 10 11 13 12 12 9 10 7 9 7 7 11 8 12 10 12
8 0 7 6 5 5 6 9 12 11 9 9 12 10 11 12 11 12 12 12 7 7 6 6 10 8 11 9 12
4 6 0 3 7 5 7 8 12 11 8 9 9 9 10 12 11 11 8 9 6 8 6 6 9 7 11 9 11
5 5 4 0 6 4 6 7 10 9 7 8 9 8 9 13 11 12 9 10 5 7 5 5 9 6 10 8 12
8 4 8 7 0 7 6 8 13 12 10 10 13 10 12 16 12 13 12 13 8 7 7 7 11 8 12 10 13
8 5 7 6 4 0 8 9 12 11 9 10 12 10 11 12 12 12 12 13 7 9 7 7 10 8 11 10 12
9 8 8 7 7 8 0 5 11 10 8 9 12 9 10 11 11 11 13 14 5 4 6 7 9 7 8 9 11
10 11 9 8 11 9 9 0 9 9 6 7 10 7 8 10 9 9 11 12 9 7 9 8 8 5 6 6 10
11 11 10 9 10 10 11 7 0 3 6 5 6 5 6 4 5 6 8 9 9 8 10 9 6 7 10 6 7
12 15 12 11 12 13 27 9 5 0 8 7 6 7 8 4 5 5 7 8 11 10 12 11 8 9 12 8 8
9 9 8 7 8 7 8 6 6 6 0 4 6 4 5 7 6 6 8 8 7 7 7 7 7 6 9 5 6
11 12 10 10 11 10 11 8 5 4 6 0 7 5 6 5 6 6 8 9 10 9 10 9 6 8 10 7 7
9 11 10 9 10 10 11 8 6 5 7 6 0 6 7 5 4 4 5 5 10 9 9 9 8 8 11 7 5
11 11 10 9 10 9 11 7 6 5 5 5 5 0 4 6 5 5 7 7 9 8 9 9 8 7 10 6 5
10 10 9 8 9 9 10 7 7 7 6 5 4 5 0 8 5 6 6 6 9 8 10 8 8 7 10 6 4
11 14 11 12 12 13 12 9 5 5 7 7 5 6 7 0 4 4 6 8 11 10 11 11 7 9 12 8 8
10 12 11 10 11 11 12 8 5 4 6 6 4 5 6 4 0 3 5 6 10 9 10 10 6 8 11 7 6
11 12 11 10 11 10 12 8 5 4 6 6 4 5 6 4 3 0 6 7 10 9 10 10 7 8 11 7 7
8 11 8 8 11 9 12 10 7 6 8 7 4 7 8 8 5 6 0 4 11 11 10 10 9 10 12 8 6
5 7 5 4 8 6 8 9 8 7 9 8 5 8 9 10 6 7 6 0 7 9 7 7 10 8 13 10 7
11 9 10 9 9 10 8 5 8 7 5 6 9 6 7 8 8 8 10 11 0 6 3 9 7 4 8 6 9
9 7 8 7 6 8 5 4 10 9 7 8 11 8 9 10 10 10 13 13 4 0 5 7 9 6 7 8 11
11 9 10 9 9 10 7 5 8 7 5 5 9 6 7 8 7 8 10 11 3 6 0 9 6 4 7 6 8
6 5 5 3 6 4 7 6 9 9 7 7 10 7 8 14 9 9 10 11 4 8 4 0 8 5 9 7 10
10 10 9 8 9 9 21 6 4 5 5 4 8 5 6 6 7 7 9 10 8 7 8 8 0 6 7 5 8
8 8 7 6 7 7 8 5 7 6 4 4 7 5 6 7 6 7 9 10 7 6 7 6 5 0 6 4 7
12 12 11 10 11 10 11 8 7 8 6 7 10 7 8 9 9 9 11 12 10 9 10 10 5 8 0 5 9
10 10 9 8 9 8 8 5 9 8 6 7 10 7 8 9 9 9 11 12 7 6 7 8 6 5 6 0 10
11 11 10 9 10 9 11 7 7 6 5 5 7 4 5 7 6 7 9 9 9 8 9 9 7 7 10 6 0
